        -5  0.0384615
        -3        0.1
        -1        0.5
         1        0.5
         3        0.1
         5  0.0384615

        -5  0.0384615
        -4  0.0588235
        -3        0.1
        -2        0.2
        -1        0.5
         0          1
         1        0.5
         2        0.2
         3        0.1
         4  0.0588235
         5  0.0384615

        -5  0.0384615
  -4.33333  0.0505618
  -3.66667  0.0692308
        -3        0.1
  -2.33333   0.155172
  -1.66667   0.264706
        -1        0.5
 -0.333333        0.9
  0.333333        0.9
         1        0.5
   1.66667   0.264706
   2.33333   0.155172
         3        0.1
   3.66667  0.0692308
   4.33333  0.0505618
         5  0.0384615

        -5  0.0384615
      -4.5  0.0470588
        -4  0.0588235
      -3.5  0.0754717
        -3        0.1
      -2.5   0.137931
        -2        0.2
      -1.5   0.307692
        -1        0.5
      -0.5        0.8
         0          1
       0.5        0.8
         1        0.5
       1.5   0.307692
         2        0.2
       2.5   0.137931
         3        0.1
       3.5  0.0754717
         4  0.0588235
       4.5  0.0470588
         5  0.0384615

