0 0.314156 0.628293 0.942391 1.256432 1.570397 1.884265 
1 0.078086 0.109697 0.198434 0.232075 0.319045 0.354442 
2 0.055968 0.078104 0.142548 0.165537 0.229430 0.253077 
3 0.045907 0.063920 0.117014 0.135557 0.188405 0.207314 
4 0.039848 0.055420 0.101611 0.117568 0.163635 0.179834 
5 0.035690 0.049604 0.091031 0.105249 0.146613 0.161007 
6 0.032611 0.045303 0.083189 0.096135 0.133994 0.147076 
7 0.030212 0.041957 0.077078 0.089041 0.124158 0.136230 
8 0.028274 0.039257 0.072141 0.083317 0.116211 0.127477 
9 0.026668 0.037019 0.068046 0.078571 0.109618 0.120219 
10 0.025307 0.035124 0.064578 0.074554 0.104033 0.114075 
11 0.024135 0.033494 0.061591 0.071096 0.099223 0.108786 
12 0.023113 0.032072 0.058983 0.068078 0.095024 0.104170 
13 0.022210 0.030816 0.056681 0.065415 0.091317 0.100096 
14 0.021405 0.029697 0.054629 0.063042 0.088012 0.096466 
15 0.020682 0.028692 0.052785 0.060909 0.085042 0.093203 
16 0.020028 0.027783 0.051116 0.058979 0.082353 0.090251 
17 0.019432 0.026955 0.049595 0.057222 0.079905 0.087563 
18 0.018886 0.026197 0.048203 0.055613 0.077662 0.085101 
19 0.018384 0.025499 0.046922 0.054133 0.075599 0.082836 
20 0.017920 0.024854 0.045738 0.052764 0.073691 0.080743 
21 0.017489 0.024256 0.044639 0.051495 0.071921 0.078801 
22 0.017088 0.023699 0.043616 0.050313 0.070273 0.076993 
23 0.016713 0.023179 0.042660 0.049209 0.068733 0.075303 
24 0.016362 0.022691 0.041764 0.048174 0.067290 0.073720 
25 0.016032 0.022233 0.040923 0.047202 0.065935 0.072233 
26 0.015721 0.021802 0.040130 0.046287 0.064658 0.070833 
27 0.015428 0.021395 0.039382 0.045423 0.063452 0.069511 
28 0.015151 0.021010 0.038674 0.044605 0.062312 0.068260 
29 0.014888 0.020645 0.038002 0.043831 0.061231 0.067074 
30 0.014638 0.020298 0.037365 0.043095 0.060204 0.065948 
31 0.014400 0.019968 0.036759 0.042395 0.059227 0.064877 
32 0.014174 0.019654 0.036181 0.041728 0.058296 0.063857 
33 0.013958 0.019354 0.035630 0.041091 0.057408 0.062883 
34 0.013752 0.019068 0.035103 0.040483 0.056559 0.061953 
35 0.013554 0.018794 0.034599 0.039901 0.055747 0.061062 
36 0.013365 0.018531 0.034116 0.039344 0.054969 0.060209 
37 0.013183 0.018279 0.033652 0.038809 0.054223 0.059391 
38 0.013009 0.018037 0.033207 0.038295 0.053506 0.058605 
39 0.012841 0.017804 0.032780 0.037802 0.052817 0.057849 
40 0.012680 0.017581 0.032368 0.037327 0.052153 0.057122 
41 0.012524 0.017365 0.031971 0.036869 0.051514 0.056422 
42 0.012375 0.017157 0.031589 0.036428 0.050899 0.055747 
43 0.012230 0.016957 0.031220 0.036002 0.050304 0.055096 
44 0.012090 0.016763 0.030864 0.035591 0.049730 0.054467 
45 0.011956 0.016576 0.030520 0.035194 0.049175 0.053859 
46 0.011825 0.016395 0.030186 0.034809 0.048639 0.053270 
47 0.011699 0.016220 0.029864 0.034437 0.048119 0.052701 
48 0.011576 0.016050 0.029552 0.034077 0.047616 0.052150 
49 0.011458 0.015885 0.029249 0.033728 0.047129 0.051615 
50 0.011343 0.015726 0.028956 0.033389 0.046656 0.051097 
51 0.011231 0.015571 0.028671 0.033060 0.046196 0.050594 
52 0.011123 0.015421 0.028394 0.032741 0.045751 0.050105 
53 0.011017 0.015274 0.028125 0.032431 0.045318 0.049631 
54 0.010915 0.015132 0.027864 0.032129 0.044897 0.049169 
55 0.010815 0.014994 0.027610 0.031836 0.044487 0.048721 
56 0.010719 0.014860 0.027362 0.031551 0.044089 0.048284 
57 0.010624 0.014729 0.027121 0.031273 0.043701 0.047859 
58 0.010532 0.014602 0.026887 0.031002 0.043323 0.047445 
59 0.010443 0.014477 0.026658 0.030739 0.042954 0.047041 
60 0.010355 0.014356 0.026436 0.030482 0.042595 0.046648 
61 0.010270 0.014238 0.026218 0.030231 0.042245 0.046264 
62 0.010187 0.014123 0.026006 0.029986 0.041904 0.045890 
63 0.010106 0.014010 0.025799 0.029747 0.041570 0.045524 
64 0.010027 0.013901 0.025597 0.029514 0.041244 0.045168 
65 0.009950 0.013793 0.025399 0.029286 0.040926 0.044819 
66 0.009874 0.013688 0.025207 0.029064 0.040615 0.044478 
67 0.009800 0.013586 0.025018 0.028846 0.040311 0.044145 
68 0.009728 0.013486 0.024833 0.028633 0.040014 0.043820 
69 0.009657 0.013388 0.024653 0.028425 0.039723 0.043501 
70 0.009588 0.013292 0.024476 0.028222 0.039439 0.043190 
71 0.009520 0.013198 0.024304 0.028022 0.039161 0.042885 
72 0.009454 0.013106 0.024134 0.027827 0.038888 0.042586 
73 0.009389 0.013016 0.023969 0.027636 0.038621 0.042293 
74 0.009325 0.012928 0.023806 0.027449 0.038359 0.042007 
75 0.009263 0.012841 0.023647 0.027265 0.038103 0.041726 
76 0.009202 0.012756 0.023491 0.027085 0.037852 0.041451 
77 0.009142 0.012673 0.023338 0.026909 0.037605 0.041181 
78 0.009083 0.012592 0.023188 0.026736 0.037364 0.040916 
79 0.009026 0.012512 0.023041 0.026566 0.037127 0.040656 
80 0.008969 0.012434 0.022897 0.026400 0.036894 0.040402 
81 0.008914 0.012357 0.022755 0.026236 0.036666 0.040152 
82 0.008859 0.012281 0.022616 0.026076 0.036442 0.039906 
83 0.008806 0.012207 0.022480 0.025918 0.036222 0.039665 
84 0.008753 0.012134 0.022346 0.025764 0.036006 0.039428 
85 0.008701 0.012062 0.022214 0.025612 0.035793 0.039196 
86 0.008651 0.011992 0.022084 0.025463 0.035585 0.038968 
87 0.008601 0.011923 0.021957 0.025316 0.035380 0.038743 
88 0.008552 0.011855 0.021832 0.025172 0.035179 0.038522 
89 0.008504 0.011788 0.021709 0.025030 0.034981 0.038305 
90 0.008456 0.011723 0.021588 0.024891 0.034786 0.038092 
91 0.008410 0.011658 0.021470 0.024753 0.034594 0.037882 
92 0.008364 0.011595 0.021353 0.024619 0.034406 0.037676 
93 0.008319 0.011532 0.021238 0.024486 0.034221 0.037473 
94 0.008275 0.011471 0.021124 0.024355 0.034038 0.037273 
95 0.008231 0.011410 0.021013 0.024227 0.033859 0.037077 
96 0.008188 0.011351 0.020903 0.024100 0.033682 0.036883 
97 0.008146 0.011292 0.020795 0.023976 0.033508 0.036693 
98 0.008104 0.011234 0.020689 0.023853 0.033337 0.036505 
99 0.008063 0.011177 0.020584 0.023733 0.033168 0.036320 
100 0.008023 0.011121 0.020481 0.023614 0.033002 0.036138 
