-10.000000	0.011343
-9.990000	0.011428
-9.980000	0.011513
-9.969999	0.011598
-9.959999	0.011684
-9.949999	0.011771
-9.939999	0.011859
-9.929998	0.011947
-9.919998	0.012035
-9.909998	0.012124
-9.899998	0.012214
-9.889997	0.012304
-9.879997	0.012395
-9.869997	0.012486
-9.859997	0.012578
-9.849997	0.012671
-9.839996	0.012764
-9.829996	0.012858
-9.819996	0.012952
-9.809996	0.013048
-9.799995	0.013143
-9.789995	0.013240
-9.779995	0.013336
-9.769995	0.013434
-9.759995	0.013532
-9.749994	0.013631
-9.739994	0.013730
-9.729994	0.013831
-9.719994	0.013931
-9.709993	0.014033
-9.699993	0.014135
-9.689993	0.014237
-9.679993	0.014341
-9.669992	0.014445
-9.659992	0.014549
-9.649992	0.014655
-9.639992	0.014761
-9.629992	0.014867
-9.619991	0.014975
-9.609991	0.015083
-9.599991	0.015191
-9.589991	0.015301
-9.579990	0.015411
-9.569990	0.015522
-9.559990	0.015633
-9.549990	0.015745
-9.539989	0.015858
-9.529989	0.015972
-9.519989	0.016086
-9.509989	0.016201
-9.499989	0.016317
-9.489988	0.016434
-9.479988	0.016551
-9.469988	0.016669
-9.459988	0.016787
-9.449987	0.016907
-9.439987	0.017027
-9.429987	0.017148
-9.419987	0.017270
-9.409986	0.017392
-9.399986	0.017515
-9.389986	0.017639
-9.379986	0.017764
-9.369986	0.017889
-9.359985	0.018016
-9.349985	0.018143
-9.339985	0.018271
-9.329985	0.018399
-9.319984	0.018529
-9.309984	0.018659
-9.299984	0.018790
-9.289984	0.018922
-9.279984	0.019054
-9.269983	0.019188
-9.259983	0.019322
-9.249983	0.019457
-9.239983	0.019593
-9.229982	0.019730
-9.219982	0.019867
-9.209982	0.020005
-9.199982	0.020145
-9.189981	0.020285
-9.179981	0.020426
-9.169981	0.020567
-9.159981	0.020710
-9.149981	0.020853
-9.139980	0.020998
-9.129980	0.021143
-9.119980	0.021289
-9.109980	0.021436
-9.099979	0.021584
-9.089979	0.021732
-9.079979	0.021882
-9.069979	0.022032
-9.059978	0.022184
-9.049978	0.022336
-9.039978	0.022489
-9.029978	0.022643
-9.019978	0.022798
-9.009977	0.022954
-8.999977	0.023111
-8.989977	0.023269
-8.979977	0.023428
-8.969976	0.023587
-8.959976	0.023748
-8.949976	0.023909
-8.939976	0.024072
-8.929976	0.024235
-8.919975	0.024400
-8.909975	0.024565
-8.899975	0.024731
-8.889975	0.024899
-8.879974	0.025067
-8.869974	0.025236
-8.859974	0.025407
-8.849974	0.025578
-8.839973	0.025750
-8.829973	0.025923
-8.819973	0.026097
-8.809973	0.026273
-8.799973	0.026449
-8.789972	0.026626
-8.779972	0.026804
-8.769972	0.026984
-8.759972	0.027164
-8.749971	0.027345
-8.739971	0.027528
-8.729971	0.027711
-8.719971	0.027896
-8.709970	0.028081
-8.699970	0.028268
-8.689970	0.028456
-8.679970	0.028645
-8.669970	0.028834
-8.659969	0.029025
-8.649969	0.029217
-8.639969	0.029410
-8.629969	0.029604
-8.619968	0.029800
-8.609968	0.029996
-8.599968	0.030194
-8.589968	0.030392
-8.579967	0.030592
-8.569967	0.030793
-8.559967	0.030995
-8.549967	0.031198
-8.539967	0.031402
-8.529966	0.031607
-8.519966	0.031814
-8.509966	0.032022
-8.499966	0.032230
-8.489965	0.032440
-8.479965	0.032651
-8.469965	0.032864
-8.459965	0.033077
-8.449965	0.033292
-8.439964	0.033508
-8.429964	0.033725
-8.419964	0.033943
-8.409964	0.034162
-8.399963	0.034383
-8.389963	0.034605
-8.379963	0.034828
-8.369963	0.035052
-8.359962	0.035278
-8.349962	0.035505
-8.339962	0.035733
-8.329962	0.035962
-8.319962	0.036192
-8.309961	0.036424
-8.299961	0.036657
-8.289961	0.036891
-8.279961	0.037127
-8.269960	0.037363
-8.259960	0.037602
-8.249960	0.037841
-8.239960	0.038081
-8.229959	0.038323
-8.219959	0.038567
-8.209959	0.038811
-8.199959	0.039057
-8.189959	0.039304
-8.179958	0.039553
-8.169958	0.039802
-8.159958	0.040053
-8.149958	0.040306
-8.139957	0.040560
-8.129957	0.040815
-8.119957	0.041071
-8.109957	0.041329
-8.099957	0.041588
-8.089956	0.041849
-8.079956	0.042111
-8.069956	0.042374
-8.059956	0.042639
-8.049955	0.042905
-8.039955	0.043172
-8.029955	0.043441
-8.019955	0.043711
-8.009954	0.043983
-7.999954	0.044256
-7.989954	0.044531
-7.979954	0.044807
-7.969954	0.045084
-7.959953	0.045363
-7.949953	0.045643
-7.939953	0.045925
-7.929953	0.046208
-7.919952	0.046492
-7.909952	0.046778
-7.899952	0.047066
-7.889952	0.047355
-7.879951	0.047645
-7.869951	0.047937
-7.859951	0.048231
-7.849951	0.048526
-7.839951	0.048822
-7.829950	0.049120
-7.819950	0.049420
-7.809950	0.049721
-7.799950	0.050023
-7.789949	0.050327
-7.779949	0.050633
-7.769949	0.050940
-7.759949	0.051249
-7.749949	0.051559
-7.739948	0.051871
-7.729948	0.052184
-7.719948	0.052499
-7.709948	0.052815
-7.699947	0.053133
-7.689947	0.053453
-7.679947	0.053774
-7.669947	0.054097
-7.659946	0.054421
-7.649946	0.054747
-7.639946	0.055075
-7.629946	0.055404
-7.619946	0.055735
-7.609945	0.056068
-7.599945	0.056402
-7.589945	0.056737
-7.579945	0.057075
-7.569944	0.057414
-7.559944	0.057755
-7.549944	0.058097
-7.539944	0.058441
-7.529943	0.058787
-7.519943	0.059134
-7.509943	0.059483
-7.499943	0.059834
-7.489943	0.060187
-7.479942	0.060541
-7.469942	0.060897
-7.459942	0.061254
-7.449942	0.061614
-7.439941	0.061975
-7.429941	0.062337
-7.419941	0.062702
-7.409941	0.063068
-7.399940	0.063436
-7.389940	0.063806
-7.379940	0.064177
-7.369940	0.064550
-7.359940	0.064925
-7.349939	0.065302
-7.339939	0.065681
-7.329939	0.066061
-7.319939	0.066443
-7.309938	0.066827
-7.299938	0.067213
-7.289938	0.067601
-7.279938	0.067990
-7.269938	0.068381
-7.259937	0.068774
-7.249937	0.069169
-7.239937	0.069566
-7.229937	0.069964
-7.219936	0.070365
-7.209936	0.070767
-7.199936	0.071171
-7.189936	0.071577
-7.179935	0.071985
-7.169935	0.072394
-7.159935	0.072806
-7.149935	0.073219
-7.139935	0.073635
-7.129934	0.074052
-7.119934	0.074471
-7.109934	0.074892
-7.099934	0.075315
-7.089933	0.075740
-7.079933	0.076167
-7.069933	0.076595
-7.059933	0.077026
-7.049932	0.077459
-7.039932	0.077893
-7.029932	0.078330
-7.019932	0.078768
-7.009932	0.079209
-6.999931	0.079651
-6.989931	0.080095
-6.979931	0.080542
-6.969931	0.080990
-6.959930	0.081440
-6.949930	0.081893
-6.939930	0.082347
-6.929930	0.082803
-6.919930	0.083262
-6.909929	0.083722
-6.899929	0.084184
-6.889929	0.084649
-6.879929	0.085115
-6.869928	0.085584
-6.859928	0.086054
-6.849928	0.086527
-6.839928	0.087002
-6.829927	0.087478
-6.819927	0.087957
-6.809927	0.088438
-6.799927	0.088921
-6.789927	0.089406
-6.779926	0.089893
-6.769926	0.090382
-6.759926	0.090873
-6.749926	0.091367
-6.739925	0.091862
-6.729925	0.092360
-6.719925	0.092860
-6.709925	0.093361
-6.699924	0.093865
-6.689924	0.094371
-6.679924	0.094880
-6.669924	0.095390
-6.659924	0.095903
-6.649923	0.096417
-6.639923	0.096934
-6.629923	0.097453
-6.619923	0.097975
-6.609922	0.098498
-6.599922	0.099024
-6.589922	0.099551
-6.579922	0.100081
-6.569921	0.100613
-6.559921	0.101148
-6.549921	0.101684
-6.539921	0.102223
-6.529921	0.102764
-6.519920	0.103307
-6.509920	0.103853
-6.499920	0.104400
-6.489920	0.104950
-6.479919	0.105502
-6.469919	0.106057
-6.459919	0.106613
-6.449919	0.107172
-6.439919	0.107734
-6.429918	0.108297
-6.419918	0.108863
-6.409918	0.109431
-6.399918	0.110001
-6.389917	0.110574
-6.379917	0.111148
-6.369917	0.111726
-6.359917	0.112305
-6.349916	0.112887
-6.339916	0.113471
-6.329916	0.114057
-6.319916	0.114646
-6.309916	0.115237
-6.299915	0.115830
-6.289915	0.116426
-6.279915	0.117024
-6.269915	0.117624
-6.259914	0.118227
-6.249914	0.118832
-6.239914	0.119439
-6.229914	0.120049
-6.219913	0.120661
-6.209913	0.121276
-6.199913	0.121893
-6.189913	0.122512
-6.179913	0.123134
-6.169912	0.123758
-6.159912	0.124384
-6.149912	0.125013
-6.139912	0.125644
-6.129911	0.126278
-6.119911	0.126914
-6.109911	0.127552
-6.099911	0.128193
-6.089911	0.128836
-6.079910	0.129482
-6.069910	0.130130
-6.059910	0.130781
-6.049910	0.131434
-6.039909	0.132089
-6.029909	0.132747
-6.019909	0.133408
-6.009909	0.134070
-5.999908	0.134736
-5.989908	0.135403
-5.979908	0.136074
-5.969908	0.136746
-5.959908	0.137421
-5.949907	0.138099
-5.939907	0.138779
-5.929907	0.139462
-5.919907	0.140147
-5.909906	0.140834
-5.899906	0.141524
-5.889906	0.142217
-5.879906	0.142912
-5.869905	0.143609
-5.859905	0.144310
-5.849905	0.145012
-5.839905	0.145717
-5.829905	0.146425
-5.819904	0.147135
-5.809904	0.147848
-5.799904	0.148563
-5.789904	0.149281
-5.779903	0.150001
-5.769903	0.150724
-5.759903	0.151449
-5.749903	0.152177
-5.739902	0.152907
-5.729902	0.153641
-5.719902	0.154376
-5.709902	0.155114
-5.699902	0.155855
-5.689901	0.156598
-5.679901	0.157344
-5.669901	0.158092
-5.659901	0.158843
-5.649900	0.159597
-5.639900	0.160353
-5.629900	0.161112
-5.619900	0.161873
-5.609900	0.162637
-5.599899	0.163404
-5.589899	0.164173
-5.579899	0.164944
-5.569899	0.165719
-5.559898	0.166496
-5.549898	0.167275
-5.539898	0.168057
-5.529898	0.168842
-5.519897	0.169629
-5.509897	0.170419
-5.499897	0.171212
-5.489897	0.172007
-5.479897	0.172805
-5.469896	0.173605
-5.459896	0.174408
-5.449896	0.175214
-5.439896	0.176022
-5.429895	0.176833
-5.419895	0.177647
-5.409895	0.178463
-5.399895	0.179282
-5.389894	0.180103
-5.379894	0.180927
-5.369894	0.181754
-5.359894	0.182584
-5.349894	0.183416
-5.339893	0.184251
-5.329893	0.185088
-5.319893	0.185928
-5.309893	0.186771
-5.299892	0.187616
-5.289892	0.188464
-5.279892	0.189315
-5.269892	0.190168
-5.259892	0.191024
-5.249891	0.191883
-5.239891	0.192744
-5.229891	0.193608
-5.219891	0.194475
-5.209890	0.195344
-5.199890	0.196216
-5.189890	0.197091
-5.179890	0.197968
-5.169889	0.198848
-5.159889	0.199731
-5.149889	0.200616
-5.139889	0.201504
-5.129889	0.202395
-5.119888	0.203288
-5.109888	0.204184
-5.099888	0.205083
-5.089888	0.205984
-5.079887	0.206889
-5.069887	0.207795
-5.059887	0.208705
-5.049887	0.209617
-5.039886	0.210532
-5.029886	0.211449
-5.019886	0.212370
-5.009886	0.213293
-4.999886	0.214218
-4.989885	0.215146
-4.979885	0.216077
-4.969885	0.217011
-4.959885	0.217947
-4.949884	0.218886
-4.939884	0.219828
-4.929884	0.220772
-4.919884	0.221719
-4.909883	0.222669
-4.899883	0.223621
-4.889883	0.224576
-4.879883	0.225534
-4.869883	0.226495
-4.859882	0.227458
-4.849882	0.228424
-4.839882	0.229392
-4.829882	0.230363
-4.819881	0.231337
-4.809881	0.232314
-4.799881	0.233293
-4.789881	0.234275
-4.779881	0.235259
-4.769880	0.236246
-4.759880	0.237236
-4.749880	0.238229
-4.739880	0.239224
-4.729879	0.240222
-4.719879	0.241223
-4.709879	0.242226
-4.699879	0.243232
-4.689878	0.244240
-4.679878	0.245252
-4.669878	0.246266
-4.659878	0.247282
-4.649878	0.248301
-4.639877	0.249323
-4.629877	0.250348
-4.619877	0.251375
-4.609877	0.252405
-4.599876	0.253437
-4.589876	0.254472
-4.579876	0.255510
-4.569876	0.256551
-4.559875	0.257594
-4.549875	0.258639
-4.539875	0.259688
-4.529875	0.260739
-4.519875	0.261792
-4.509874	0.262848
-4.499874	0.263907
-4.489874	0.264969
-4.479874	0.266033
-4.469873	0.267100
-4.459873	0.268169
-4.449873	0.269241
-4.439873	0.270315
-4.429873	0.271393
-4.419872	0.272472
-4.409872	0.273555
-4.399872	0.274640
-4.389872	0.275727
-4.379871	0.276817
-4.369871	0.277910
-4.359871	0.279005
-4.349871	0.280103
-4.339870	0.281204
-4.329870	0.282307
-4.319870	0.283412
-4.309870	0.284521
-4.299870	0.285631
-4.289869	0.286745
-4.279869	0.287861
-4.269869	0.288979
-4.259869	0.290100
-4.249868	0.291224
-4.239868	0.292350
-4.229868	0.293478
-4.219868	0.294609
-4.209867	0.295743
-4.199867	0.296879
-4.189867	0.298018
-4.179867	0.299159
-4.169867	0.300303
-4.159866	0.301449
-4.149866	0.302598
-4.139866	0.303749
-4.129866	0.304903
-4.119865	0.306059
-4.109865	0.307218
-4.099865	0.308379
-4.089865	0.309542
-4.079865	0.310708
-4.069864	0.311877
-4.059864	0.313048
-4.049864	0.314222
-4.039864	0.315397
-4.029863	0.316576
-4.019863	0.317757
-4.009863	0.318940
-3.999863	0.320125
-3.989863	0.321313
-3.979863	0.322504
-3.969863	0.323697
-3.959863	0.324892
-3.949863	0.326090
-3.939863	0.327290
-3.929863	0.328492
-3.919863	0.329697
-3.909863	0.330904
-3.899863	0.332113
-3.889863	0.333325
-3.879863	0.334539
-3.869863	0.335756
-3.859863	0.336975
-3.849863	0.338196
-3.839863	0.339420
-3.829863	0.340646
-3.819863	0.341874
-3.809863	0.343104
-3.799863	0.344337
-3.789863	0.345572
-3.779863	0.346809
-3.769863	0.348049
-3.759863	0.349291
-3.749863	0.350535
-3.739863	0.351782
-3.729863	0.353030
-3.719863	0.354281
-3.709863	0.355534
-3.699863	0.356790
-3.689863	0.358047
-3.679863	0.359307
-3.669863	0.360569
-3.659863	0.361833
-3.649863	0.363099
-3.639863	0.364368
-3.629863	0.365638
-3.619863	0.366911
-3.609863	0.368186
-3.599863	0.369463
-3.589863	0.370743
-3.579863	0.372024
-3.569863	0.373308
-3.559863	0.374593
-3.549863	0.375881
-3.539863	0.377171
-3.529863	0.378463
-3.519863	0.379757
-3.509863	0.381053
-3.499863	0.382351
-3.489863	0.383651
-3.479863	0.384953
-3.469863	0.386257
-3.459863	0.387563
-3.449863	0.388872
-3.439863	0.390182
-3.429863	0.391494
-3.419863	0.392808
-3.409863	0.394124
-3.399863	0.395442
-3.389863	0.396763
-3.379864	0.398085
-3.369864	0.399409
-3.359864	0.400734
-3.349864	0.402062
-3.339864	0.403392
-3.329864	0.404723
-3.319864	0.406057
-3.309864	0.407392
-3.299864	0.408729
-3.289864	0.410068
-3.279864	0.411409
-3.269864	0.412752
-3.259864	0.414096
-3.249864	0.415443
-3.239864	0.416791
-3.229864	0.418141
-3.219864	0.419492
-3.209864	0.420846
-3.199864	0.422201
-3.189864	0.423558
-3.179864	0.424917
-3.169864	0.426277
-3.159864	0.427639
-3.149864	0.429003
-3.139864	0.430368
-3.129864	0.431736
-3.119864	0.433104
-3.109864	0.434475
-3.099864	0.435847
-3.089864	0.437221
-3.079864	0.438596
-3.069864	0.439973
-3.059864	0.441351
-3.049864	0.442731
-3.039864	0.444113
-3.029864	0.445496
-3.019864	0.446881
-3.009864	0.448267
-2.999864	0.449655
-2.989864	0.451044
-2.979864	0.452435
-2.969864	0.453828
-2.959864	0.455221
-2.949864	0.456617
-2.939864	0.458013
-2.929864	0.459411
-2.919864	0.460811
-2.909864	0.462212
-2.899864	0.463614
-2.889864	0.465017
-2.879864	0.466422
-2.869864	0.467829
-2.859864	0.469237
-2.849864	0.470646
-2.839864	0.472056
-2.829864	0.473467
-2.819864	0.474880
-2.809864	0.476295
-2.799864	0.477710
-2.789864	0.479127
-2.779864	0.480544
-2.769864	0.481964
-2.759864	0.483384
-2.749864	0.484805
-2.739864	0.486228
-2.729864	0.487652
-2.719864	0.489077
-2.709864	0.490503
-2.699864	0.491930
-2.689864	0.493358
-2.679864	0.494788
-2.669864	0.496218
-2.659864	0.497649
-2.649864	0.499082
-2.639864	0.500516
-2.629864	0.501950
-2.619864	0.503386
-2.609864	0.504822
-2.599864	0.506260
-2.589864	0.507698
-2.579864	0.509137
-2.569864	0.510578
-2.559864	0.512019
-2.549864	0.513461
-2.539864	0.514904
-2.529864	0.516348
-2.519864	0.517792
-2.509864	0.519238
-2.499864	0.520684
-2.489864	0.522131
-2.479864	0.523579
-2.469864	0.525028
-2.459864	0.526477
-2.449864	0.527927
-2.439864	0.529378
-2.429864	0.530830
-2.419864	0.532282
-2.409864	0.533735
-2.399864	0.535188
-2.389864	0.536643
-2.379864	0.538098
-2.369864	0.539553
-2.359864	0.541009
-2.349864	0.542466
-2.339864	0.543923
-2.329865	0.545380
-2.319865	0.546838
-2.309865	0.548297
-2.299865	0.549756
-2.289865	0.551216
-2.279865	0.552676
-2.269865	0.554137
-2.259865	0.555598
-2.249865	0.557059
-2.239865	0.558521
-2.229865	0.559983
-2.219865	0.561445
-2.209865	0.562908
-2.199865	0.564371
-2.189865	0.565835
-2.179865	0.567298
-2.169865	0.568762
-2.159865	0.570226
-2.149865	0.571691
-2.139865	0.573156
-2.129865	0.574620
-2.119865	0.576085
-2.109865	0.577551
-2.099865	0.579016
-2.089865	0.580481
-2.079865	0.581947
-2.069865	0.583413
-2.059865	0.584878
-2.049865	0.586344
-2.039865	0.587810
-2.029865	0.589276
-2.019865	0.590742
-2.009865	0.592207
-1.999865	0.593673
-1.989865	0.595139
-1.979865	0.596605
-1.969865	0.598070
-1.959865	0.599535
-1.949865	0.601001
-1.939865	0.602466
-1.929865	0.603931
-1.919865	0.605396
-1.909865	0.606860
-1.899865	0.608325
-1.889865	0.609789
-1.879865	0.611253
-1.869865	0.612716
-1.859865	0.614180
-1.849865	0.615643
-1.839865	0.617105
-1.829865	0.618568
-1.819865	0.620029
-1.809865	0.621491
-1.799865	0.622952
-1.789865	0.624413
-1.779865	0.625873
-1.769865	0.627333
-1.759865	0.628792
-1.749865	0.630251
-1.739865	0.631709
-1.729865	0.633167
-1.719865	0.634624
-1.709865	0.636081
-1.699865	0.637537
-1.689865	0.638992
-1.679865	0.640447
-1.669865	0.641901
-1.659865	0.643354
-1.649865	0.644807
-1.639865	0.646259
-1.629865	0.647710
-1.619865	0.649160
-1.609865	0.650610
-1.599865	0.652059
-1.589865	0.653507
-1.579865	0.654954
-1.569865	0.656400
-1.559865	0.657846
-1.549865	0.659290
-1.539865	0.660734
-1.529865	0.662177
-1.519865	0.663618
-1.509865	0.665059
-1.499865	0.666499
-1.489865	0.667938
-1.479865	0.669375
-1.469865	0.670812
-1.459865	0.672248
-1.449865	0.673682
-1.439865	0.675116
-1.429865	0.676548
-1.419865	0.677979
-1.409865	0.679409
-1.399865	0.680837
-1.389865	0.682265
-1.379865	0.683691
-1.369865	0.685116
-1.359865	0.686540
-1.349865	0.687962
-1.339865	0.689383
-1.329865	0.690803
-1.319865	0.692222
-1.309865	0.693639
-1.299865	0.695054
-1.289865	0.696468
-1.279866	0.697881
-1.269866	0.699292
-1.259866	0.700702
-1.249866	0.702111
-1.239866	0.703517
-1.229866	0.704922
-1.219866	0.706326
-1.209866	0.707728
-1.199866	0.709129
-1.189866	0.710528
-1.179866	0.711925
-1.169866	0.713320
-1.159866	0.714714
-1.149866	0.716106
-1.139866	0.717497
-1.129866	0.718885
-1.119866	0.720272
-1.109866	0.721657
-1.099866	0.723041
-1.089866	0.724422
-1.079866	0.725802
-1.069866	0.727180
-1.059866	0.728555
-1.049866	0.729929
-1.039866	0.731301
-1.029866	0.732671
-1.019866	0.734039
-1.009866	0.735406
-0.999866	0.736770
-0.989866	0.738132
-0.979866	0.739491
-0.969866	0.740849
-0.959866	0.742205
-0.949866	0.743559
-0.939866	0.744910
-0.929866	0.746260
-0.919866	0.747607
-0.909866	0.748952
-0.899866	0.750295
-0.889866	0.751635
-0.879866	0.752973
-0.869866	0.754309
-0.859866	0.755643
-0.849866	0.756974
-0.839866	0.758303
-0.829866	0.759630
-0.819866	0.760954
-0.809866	0.762276
-0.799866	0.763595
-0.789866	0.764912
-0.779866	0.766227
-0.769866	0.767539
-0.759866	0.768848
-0.749866	0.770155
-0.739866	0.771459
-0.729866	0.772761
-0.719866	0.774060
-0.709866	0.775357
-0.699866	0.776651
-0.689866	0.777942
-0.679866	0.779231
-0.669866	0.780517
-0.659866	0.781800
-0.649866	0.783081
-0.639866	0.784358
-0.629866	0.785633
-0.619866	0.786905
-0.609866	0.788175
-0.599866	0.789441
-0.589866	0.790705
-0.579866	0.791966
-0.569866	0.793224
-0.559866	0.794479
-0.549866	0.795731
-0.539866	0.796980
-0.529866	0.798226
-0.519866	0.799469
-0.509866	0.800709
-0.499866	0.801946
-0.489866	0.803180
-0.479866	0.804411
-0.469866	0.805638
-0.459866	0.806863
-0.449866	0.808085
-0.439866	0.809303
-0.429866	0.810518
-0.419866	0.811730
-0.409866	0.812939
-0.399866	0.814145
-0.389866	0.815347
-0.379866	0.816546
-0.369866	0.817742
-0.359866	0.818934
-0.349866	0.820123
-0.339866	0.821309
-0.329866	0.822491
-0.319866	0.823670
-0.309866	0.824846
-0.299866	0.826018
-0.289866	0.827186
-0.279866	0.828351
-0.269866	0.829513
-0.259866	0.830671
-0.249866	0.831826
-0.239866	0.832977
-0.229866	0.834125
-0.219866	0.835269
-0.209866	0.836409
-0.199866	0.837546
-0.189866	0.838679
-0.179866	0.839808
-0.169866	0.840934
-0.159866	0.842056
-0.149866	0.843174
-0.139866	0.844289
-0.129866	0.845399
-0.119866	0.846507
-0.109866	0.847610
-0.099866	0.848709
-0.089866	0.849805
-0.079866	0.850897
-0.069866	0.851984
-0.059866	0.853068
-0.049866	0.854148
-0.039866	0.855225
-0.029866	0.856297
-0.019866	0.857365
-0.009866	0.858429
0.000134	0.859490
0.010134	0.860546
0.020134	0.861598
0.030134	0.862646
0.040134	0.863690
0.050134	0.864730
0.060134	0.865766
0.070134	0.866798
0.080134	0.867826
0.090134	0.868849
0.100134	0.869869
0.110134	0.870884
0.120134	0.871895
0.130134	0.872902
0.140134	0.873904
0.150134	0.874902
0.160134	0.875896
0.170134	0.876886
0.180134	0.877871
0.190134	0.878852
0.200134	0.879829
0.210134	0.880801
0.220134	0.881769
0.230134	0.882732
0.240134	0.883692
0.250134	0.884646
0.260134	0.885596
0.270134	0.886542
0.280134	0.887483
0.290134	0.888420
0.300134	0.889352
0.310134	0.890280
0.320134	0.891203
0.330134	0.892122
0.340134	0.893036
0.350134	0.893946
0.360134	0.894850
0.370134	0.895751
0.380134	0.896646
0.390134	0.897537
0.400133	0.898423
0.410133	0.899305
0.420133	0.900182
0.430133	0.901054
0.440133	0.901921
0.450133	0.902784
0.460133	0.903642
0.470133	0.904495
0.480133	0.905343
0.490133	0.906187
0.500133	0.907026
0.510133	0.907859
0.520133	0.908688
0.530133	0.909512
0.540133	0.910332
0.550133	0.911146
0.560133	0.911955
0.570133	0.912760
0.580133	0.913560
0.590133	0.914354
0.600133	0.915144
0.610133	0.915928
0.620133	0.916708
0.630133	0.917483
0.640133	0.918252
0.650133	0.919017
0.660133	0.919776
0.670133	0.920531
0.680133	0.921280
0.690133	0.922025
0.700133	0.922764
0.710133	0.923498
0.720133	0.924227
0.730133	0.924951
0.740133	0.925669
0.750133	0.926383
0.760133	0.927091
0.770133	0.927794
0.780133	0.928492
0.790133	0.929185
0.800133	0.929872
0.810133	0.930554
0.820133	0.931231
0.830133	0.931903
0.840133	0.932569
0.850133	0.933230
0.860133	0.933886
0.870133	0.934536
0.880133	0.935181
0.890133	0.935821
0.900133	0.936456
0.910133	0.937085
0.920133	0.937708
0.930133	0.938327
0.940133	0.938939
0.950133	0.939547
0.960133	0.940149
0.970133	0.940746
0.980133	0.941337
0.990133	0.941922
1.000133	0.942503
1.010133	0.943078
1.020133	0.943647
1.030133	0.944211
1.040133	0.944769
1.050133	0.945322
1.060133	0.945869
1.070133	0.946411
1.080133	0.946947
1.090133	0.947477
1.100133	0.948002
1.110133	0.948522
1.120133	0.949036
1.130133	0.949544
1.140133	0.950047
1.150133	0.950544
1.160133	0.951035
1.170133	0.951521
1.180133	0.952001
1.190133	0.952476
1.200133	0.952945
1.210133	0.953408
1.220133	0.953865
1.230133	0.954317
1.240133	0.954763
1.250133	0.955204
1.260133	0.955639
1.270133	0.956068
1.280133	0.956491
1.290133	0.956909
1.300133	0.957321
1.310133	0.957727
1.320133	0.958127
1.330133	0.958522
1.340133	0.958910
1.350133	0.959293
1.360133	0.959671
1.370133	0.960042
1.380133	0.960408
1.390133	0.960768
1.400133	0.961122
1.410133	0.961470
1.420133	0.961813
1.430133	0.962149
1.440132	0.962480
1.450132	0.962805
1.460132	0.963124
1.470132	0.963437
1.480132	0.963745
1.490132	0.964046
1.500132	0.964342
1.510132	0.964632
1.520132	0.964916
1.530132	0.965194
1.540132	0.965466
1.550132	0.965732
1.560132	0.965992
1.570132	0.966247
1.580132	0.966495
1.590132	0.966738
1.600132	0.966975
1.610132	0.967205
1.620132	0.967430
1.630132	0.967649
1.640132	0.967862
1.650132	0.968069
1.660132	0.968270
1.670132	0.968465
1.680132	0.968655
1.690132	0.968838
1.700132	0.969015
1.710132	0.969186
1.720132	0.969352
1.730132	0.969511
1.740132	0.969665
1.750132	0.969812
1.760132	0.969954
1.770132	0.970089
1.780132	0.970219
1.790132	0.970342
1.800132	0.970460
1.810132	0.970571
1.820132	0.970677
1.830132	0.970776
1.840132	0.970870
1.850132	0.970958
1.860132	0.971039
1.870132	0.971115
1.880132	0.971184
1.890132	0.971248
1.900132	0.971306
1.910132	0.971357
1.920132	0.971403
1.930132	0.971442
1.940132	0.971476
1.950132	0.971504
1.960132	0.971525
1.970132	0.971541
1.980132	0.971550
1.990132	0.971554
2.000132	0.971551
2.010132	0.971543
2.020132	0.971529
2.030132	0.971508
2.040132	0.971482
2.050132	0.971449
2.060132	0.971411
2.070132	0.971366
2.080132	0.971316
2.090132	0.971259
2.100132	0.971197
2.110132	0.971128
2.120132	0.971054
2.130132	0.970973
2.140132	0.970887
2.150132	0.970794
2.160132	0.970696
2.170132	0.970591
2.180132	0.970481
2.190132	0.970365
2.200132	0.970242
2.210132	0.970114
2.220132	0.969979
2.230132	0.969839
2.240132	0.969693
2.250132	0.969540
2.260132	0.969382
2.270132	0.969218
2.280132	0.969048
2.290132	0.968871
2.300132	0.968689
2.310132	0.968501
2.320132	0.968307
2.330132	0.968107
2.340132	0.967901
2.350132	0.967690
2.360132	0.967472
2.370132	0.967248
2.380132	0.967018
2.390132	0.966783
2.400132	0.966541
2.410132	0.966294
2.420132	0.966041
2.430132	0.965782
2.440132	0.965516
2.450132	0.965245
2.460132	0.964969
2.470132	0.964686
2.480132	0.964397
2.490132	0.964103
2.500132	0.963802
2.510132	0.963496
2.520132	0.963184
2.530132	0.962866
2.540132	0.962542
2.550132	0.962213
2.560132	0.961877
2.570132	0.961536
2.580132	0.961189
2.590132	0.960836
2.600132	0.960477
2.610132	0.960112
2.620131	0.959742
2.630131	0.959366
2.640131	0.958984
2.650131	0.958596
2.660131	0.958203
2.670131	0.957804
2.680131	0.957399
2.690131	0.956988
2.700131	0.956572
2.710131	0.956149
2.720131	0.955722
2.730131	0.955288
2.740131	0.954849
2.750131	0.954404
2.760131	0.953953
2.770131	0.953497
2.780131	0.953035
2.790131	0.952567
2.800131	0.952093
2.810131	0.951614
2.820131	0.951130
2.830131	0.950640
2.840131	0.950144
2.850131	0.949642
2.860131	0.949135
2.870131	0.948622
2.880131	0.948104
2.890131	0.947580
2.900131	0.947051
2.910131	0.946516
2.920131	0.945975
2.930131	0.945429
2.940131	0.944878
2.950131	0.944320
2.960131	0.943758
2.970131	0.943190
2.980131	0.942616
2.990131	0.942037
3.000131	0.941453
3.010131	0.940863
3.020131	0.940267
3.030131	0.939666
3.040131	0.939060
3.050131	0.938448
3.060131	0.937831
3.070131	0.937209
3.080131	0.936581
3.090131	0.935948
3.100131	0.935309
3.110131	0.934666
3.120131	0.934016
3.130131	0.933362
3.140131	0.932702
3.150131	0.932037
3.160131	0.931366
3.170131	0.930691
3.180131	0.930010
3.190131	0.929323
3.200131	0.928632
3.210131	0.927935
3.220131	0.927234
3.230131	0.926527
3.240131	0.925814
3.250131	0.925097
3.260131	0.924374
3.270131	0.923647
3.280131	0.922914
3.290131	0.922176
3.300131	0.921433
3.310131	0.920685
3.320131	0.919931
3.330131	0.919173
3.340131	0.918410
3.350131	0.917641
3.360131	0.916868
3.370131	0.916090
3.380131	0.915306
3.390131	0.914518
3.400131	0.913724
3.410131	0.912926
3.420131	0.912123
3.430131	0.911315
3.440131	0.910502
3.450131	0.909684
3.460131	0.908861
3.470131	0.908033
3.480131	0.907201
3.490131	0.906363
3.500131	0.905521
3.510131	0.904674
3.520131	0.903822
3.530131	0.902965
3.540131	0.902104
3.550131	0.901238
3.560131	0.900367
3.570131	0.899491
3.580131	0.898611
3.590131	0.897726
3.600131	0.896837
3.610131	0.895942
3.620131	0.895043
3.630131	0.894140
3.640131	0.893232
3.650131	0.892319
3.660131	0.891401
3.670130	0.890480
3.680130	0.889553
3.690130	0.888622
3.700130	0.887687
3.710130	0.886747
3.720130	0.885802
3.730130	0.884853
3.740130	0.883900
3.750130	0.882942
3.760130	0.881980
3.770130	0.881013
3.780130	0.880042
3.790130	0.879067
3.800130	0.878088
3.810130	0.877104
3.820130	0.876115
3.830130	0.875123
3.840130	0.874126
3.850130	0.873125
3.860130	0.872119
3.870130	0.871110
3.880130	0.870096
3.890130	0.869078
3.900130	0.868056
3.910130	0.867029
3.920130	0.865999
3.930130	0.864964
3.940130	0.863925
3.950130	0.862883
3.960130	0.861836
3.970130	0.860785
3.980130	0.859730
3.990130	0.858671
4.000130	0.857608
4.010130	0.856541
4.020131	0.855470
4.030131	0.854395
4.040131	0.853317
4.050131	0.852234
4.060132	0.851148
4.070132	0.850057
4.080132	0.848963
4.090132	0.847865
4.100132	0.846763
4.110133	0.845657
4.120133	0.844548
4.130133	0.843434
4.140133	0.842318
4.150134	0.841197
4.160134	0.840072
4.170134	0.838944
4.180134	0.837813
4.190135	0.836677
4.200135	0.835538
4.210135	0.834396
4.220135	0.833250
4.230135	0.832100
4.240136	0.830946
4.250136	0.829790
4.260136	0.828629
4.270136	0.827465
4.280137	0.826298
4.290137	0.825127
4.300137	0.823953
4.310137	0.822776
4.320138	0.821595
4.330138	0.820410
4.340138	0.819223
4.350138	0.818032
4.360138	0.816837
4.370139	0.815640
4.380139	0.814439
4.390139	0.813234
4.400139	0.812027
4.410140	0.810816
4.420140	0.809602
4.430140	0.808385
4.440140	0.807165
4.450140	0.805942
4.460141	0.804716
4.470141	0.803486
4.480141	0.802253
4.490141	0.801018
4.500142	0.799779
4.510142	0.798537
4.520142	0.797293
4.530142	0.796045
4.540143	0.794794
4.550143	0.793541
4.560143	0.792284
4.570143	0.791025
4.580143	0.789762
4.590144	0.788497
4.600144	0.787229
4.610144	0.785959
4.620144	0.784685
4.630145	0.783409
4.640145	0.782129
4.650145	0.780848
4.660145	0.779563
4.670146	0.778276
4.680146	0.776986
4.690146	0.775693
4.700146	0.774398
4.710146	0.773100
4.720147	0.771800
4.730147	0.770497
4.740147	0.769191
4.750147	0.767883
4.760148	0.766572
4.770148	0.765259
4.780148	0.763944
4.790148	0.762626
4.800148	0.761305
4.810149	0.759983
4.820149	0.758657
4.830149	0.757330
4.840149	0.756000
4.850150	0.754667
4.860150	0.753333
4.870150	0.751996
4.880150	0.750657
4.890151	0.749316
4.900151	0.747972
4.910151	0.746626
4.920151	0.745278
4.930151	0.743928
4.940152	0.742576
4.950152	0.741221
4.960152	0.739865
4.970152	0.738506
4.980153	0.737145
4.990153	0.735783
5.000153	0.734418
5.010153	0.733051
5.020154	0.731683
5.030154	0.730312
5.040154	0.728940
5.050154	0.727565
5.060154	0.726189
5.070155	0.724810
5.080155	0.723430
5.090155	0.722048
5.100155	0.720665
5.110156	0.719279
5.120156	0.717892
5.130156	0.716503
5.140156	0.715112
5.150156	0.713719
5.160157	0.712325
5.170157	0.710929
5.180157	0.709532
5.190157	0.708133
5.200158	0.706732
5.210158	0.705330
5.220158	0.703926
5.230158	0.702520
5.240159	0.701113
5.250159	0.699705
5.260159	0.698295
5.270159	0.696884
5.280159	0.695471
5.290160	0.694056
5.300160	0.692641
5.310160	0.691224
5.320160	0.689805
5.330161	0.688386
5.340161	0.686964
5.350161	0.685542
5.360161	0.684118
5.370162	0.682694
5.380162	0.681267
5.390162	0.679840
5.400162	0.678411
5.410162	0.676982
5.420163	0.675551
5.430163	0.674119
5.440163	0.672686
5.450163	0.671251
5.460164	0.669816
5.470164	0.668379
5.480164	0.666942
5.490164	0.665504
5.500165	0.664064
5.510165	0.662624
5.520165	0.661182
5.530165	0.659740
5.540165	0.658297
5.550166	0.656852
5.560166	0.655407
5.570166	0.653961
5.580166	0.652515
5.590167	0.651067
5.600167	0.649619
5.610167	0.648170
5.620167	0.646720
5.630167	0.645269
5.640168	0.643818
5.650168	0.642366
5.660168	0.640913
5.670168	0.639459
5.680169	0.638005
5.690169	0.636551
5.700169	0.635095
5.710169	0.633639
5.720170	0.632183
5.730170	0.630726
5.740170	0.629269
5.750170	0.627810
5.760170	0.626352
5.770171	0.624893
5.780171	0.623434
5.790171	0.621974
5.800171	0.620513
5.810172	0.619053
5.820172	0.617592
5.830172	0.616130
5.840172	0.614668
5.850173	0.613206
5.860173	0.611744
5.870173	0.610281
5.880173	0.608818
5.890173	0.607355
5.900174	0.605892
5.910174	0.604428
5.920174	0.602964
5.930174	0.601500
5.940175	0.600036
5.950175	0.598572
5.960175	0.597108
5.970175	0.595643
5.980175	0.594179
5.990176	0.592714
6.000176	0.591250
6.010176	0.589785
6.020176	0.588320
6.030177	0.586856
6.040177	0.585391
6.050177	0.583926
6.060177	0.582462
6.070178	0.580998
6.080178	0.579533
6.090178	0.578069
6.100178	0.576605
6.110178	0.575141
6.120179	0.573677
6.130179	0.572214
6.140179	0.570751
6.150179	0.569287
6.160180	0.567825
6.170180	0.566362
6.180180	0.564900
6.190180	0.563438
6.200181	0.561976
6.210181	0.560515
6.220181	0.559054
6.230181	0.557593
6.240181	0.556133
6.250182	0.554673
6.260182	0.553213
6.270182	0.551754
6.280182	0.550296
6.290183	0.548838
6.300183	0.547380
6.310183	0.545923
6.320183	0.544466
6.330184	0.543010
6.340184	0.541555
6.350184	0.540100
6.360184	0.538646
6.370184	0.537192
6.380185	0.535739
6.390185	0.534286
6.400185	0.532834
6.410185	0.531383
6.420186	0.529932
6.430186	0.528483
6.440186	0.527034
6.450186	0.525585
6.460186	0.524137
6.470187	0.522691
6.480187	0.521244
6.490187	0.519799
6.500187	0.518355
6.510188	0.516911
6.520188	0.515468
6.530188	0.514026
6.540188	0.512585
6.550189	0.511145
6.560189	0.509705
6.570189	0.508267
6.580189	0.506829
6.590189	0.505393
6.600190	0.503957
6.610190	0.502523
6.620190	0.501089
6.630190	0.499656
6.640191	0.498225
6.650191	0.496794
6.660191	0.495365
6.670191	0.493936
6.680192	0.492509
6.690192	0.491083
6.700192	0.489657
6.710192	0.488233
6.720192	0.486811
6.730193	0.485389
6.740193	0.483968
6.750193	0.482549
6.760193	0.481130
6.770194	0.479713
6.780194	0.478298
6.790194	0.476883
6.800194	0.475470
6.810194	0.474058
6.820195	0.472647
6.830195	0.471237
6.840195	0.469829
6.850195	0.468422
6.860196	0.467017
6.870196	0.465613
6.880196	0.464210
6.890196	0.462808
6.900197	0.461408
6.910197	0.460009
6.920197	0.458612
6.930197	0.457216
6.940197	0.455822
6.950198	0.454429
6.960198	0.453037
6.970198	0.451647
6.980198	0.450259
6.990199	0.448872
7.000199	0.447486
7.010199	0.446102
7.020199	0.444719
7.030200	0.443339
7.040200	0.441959
7.050200	0.440581
7.060200	0.439205
7.070200	0.437830
7.080201	0.436457
7.090201	0.435086
7.100201	0.433716
7.110201	0.432348
7.120202	0.430982
7.130202	0.429617
7.140202	0.428254
7.150202	0.426892
7.160203	0.425532
7.170203	0.424174
7.180203	0.422818
7.190203	0.421463
7.200203	0.420111
7.210204	0.418760
7.220204	0.417410
7.230204	0.416063
7.240204	0.414717
7.250205	0.413373
7.260205	0.412031
7.270205	0.410691
7.280205	0.409352
7.290205	0.408016
7.300206	0.406681
7.310206	0.405348
7.320206	0.404017
7.330206	0.402688
7.340207	0.401360
7.350207	0.400035
7.360207	0.398712
7.370207	0.397390
7.380208	0.396071
7.390208	0.394753
7.400208	0.393437
7.410208	0.392124
7.420208	0.390812
7.430209	0.389502
7.440209	0.388194
7.450209	0.386889
7.460209	0.385585
7.470210	0.384283
7.480210	0.382983
7.490210	0.381686
7.500210	0.380390
7.510211	0.379097
7.520211	0.377805
7.530211	0.376516
7.540211	0.375229
7.550211	0.373943
7.560212	0.372660
7.570212	0.371379
7.580212	0.370100
7.590212	0.368823
7.600213	0.367549
7.610213	0.366276
7.620213	0.365006
7.630213	0.363738
7.640213	0.362472
7.650214	0.361208
7.660214	0.359946
7.670214	0.358687
7.680214	0.357430
7.690215	0.356175
7.700215	0.354922
7.710215	0.353671
7.720215	0.352423
7.730216	0.351177
7.740216	0.349933
7.750216	0.348691
7.760216	0.347452
7.770216	0.346215
7.780217	0.344980
7.790217	0.343747
7.800217	0.342517
7.810217	0.341289
7.820218	0.340064
7.830218	0.338840
7.840218	0.337619
7.850218	0.336401
7.860219	0.335184
7.870219	0.333970
7.880219	0.332759
7.890219	0.331549
7.900219	0.330342
7.910220	0.329138
7.920220	0.327935
7.930220	0.326735
7.940220	0.325538
7.950221	0.324343
7.960221	0.323150
7.970221	0.321960
7.980221	0.320772
7.990222	0.319586
8.000221	0.318403
8.010221	0.317223
8.020222	0.316045
8.030222	0.314869
8.040222	0.313695
8.050222	0.312524
8.060223	0.311356
8.070223	0.310190
8.080223	0.309026
8.090223	0.307865
8.100224	0.306707
8.110224	0.305551
8.120224	0.304397
8.130224	0.303246
8.140224	0.302097
8.150225	0.300951
8.160225	0.299807
8.170225	0.298666
8.180225	0.297527
8.190226	0.296391
8.200226	0.295257
8.210226	0.294126
8.220226	0.292998
8.230227	0.291872
8.240227	0.290748
8.250227	0.289627
8.260227	0.288509
8.270227	0.287393
8.280228	0.286279
8.290228	0.285168
8.300228	0.284060
8.310228	0.282954
8.320229	0.281851
8.330229	0.280751
8.340229	0.279653
8.350229	0.278557
8.360229	0.277465
8.370230	0.276374
8.380230	0.275287
8.390230	0.274201
8.400230	0.273119
8.410231	0.272039
8.420231	0.270962
8.430231	0.269887
8.440231	0.268815
8.450232	0.267745
8.460232	0.266679
8.470232	0.265614
8.480232	0.264553
8.490232	0.263494
8.500233	0.262437
8.510233	0.261383
8.520233	0.260332
8.530233	0.259284
8.540234	0.258238
8.550234	0.257194
8.560234	0.256154
8.570234	0.255116
8.580235	0.254080
8.590235	0.253048
8.600235	0.252018
8.610235	0.250990
8.620235	0.249965
8.630236	0.248943
8.640236	0.247924
8.650236	0.246907
8.660236	0.245893
8.670237	0.244881
8.680237	0.243872
8.690237	0.242866
8.700237	0.241863
8.710238	0.240862
8.720238	0.239863
8.730238	0.238868
8.740238	0.237875
8.750238	0.236885
8.760239	0.235897
8.770239	0.234912
8.780239	0.233930
8.790239	0.232950
8.800240	0.231973
8.810240	0.230999
8.820240	0.230028
8.830240	0.229059
8.840240	0.228093
8.850241	0.227129
8.860241	0.226168
8.870241	0.225210
8.880241	0.224254
8.890242	0.223302
8.900242	0.222351
8.910242	0.221404
8.920242	0.220459
8.930243	0.219517
8.940243	0.218578
8.950243	0.217641
8.960243	0.216707
8.970243	0.215775
8.980244	0.214847
8.990244	0.213920
9.000244	0.212997
9.010244	0.212076
9.020245	0.211158
9.030245	0.210243
9.040245	0.209330
9.050245	0.208420
9.060246	0.207513
9.070246	0.206608
9.080246	0.205706
9.090246	0.204807
9.100246	0.203910
9.110247	0.203016
9.120247	0.202125
9.130247	0.201237
9.140247	0.200351
9.150248	0.199467
9.160248	0.198587
9.170248	0.197709
9.180248	0.196834
9.190248	0.195961
9.200249	0.195091
9.210249	0.194224
9.220249	0.193359
9.230249	0.192497
9.240250	0.191638
9.250250	0.190781
9.260250	0.189927
9.270250	0.189076
9.280251	0.188227
9.290251	0.187381
9.300251	0.186538
9.310251	0.185697
9.320251	0.184859
9.330252	0.184024
9.340252	0.183191
9.350252	0.182361
9.360252	0.181533
9.370253	0.180709
9.380253	0.179886
9.390253	0.179067
9.400253	0.178250
9.410254	0.177436
9.420254	0.176624
9.430254	0.175815
9.440254	0.175008
9.450254	0.174205
9.460255	0.173403
9.470255	0.172605
9.480255	0.171809
9.490255	0.171016
9.500256	0.170225
9.510256	0.169437
9.520256	0.168651
9.530256	0.167869
9.540257	0.167088
9.550257	0.166311
9.560257	0.165535
9.570257	0.164763
9.580257	0.163993
9.590258	0.163226
9.600258	0.162461
9.610258	0.161699
9.620258	0.160939
9.630259	0.160182
9.640259	0.159428
9.650259	0.158676
9.660259	0.157927
9.670259	0.157180
9.680260	0.156436
9.690260	0.155695
9.700260	0.154956
9.710260	0.154219
9.720261	0.153485
9.730261	0.152754
9.740261	0.152025
9.750261	0.151299
9.760262	0.150575
9.770262	0.149854
9.780262	0.149136
9.790262	0.148420
9.800262	0.147706
9.810263	0.146995
9.820263	0.146286
9.830263	0.145580
9.840263	0.144877
9.850264	0.144176
9.860264	0.143478
9.870264	0.142782
9.880264	0.142088
9.890265	0.141397
9.900265	0.140709
9.910265	0.140023
9.920265	0.139339
9.930265	0.138658
9.940266	0.137980
9.950266	0.137303
9.960266	0.136630
9.970266	0.135959
9.980267	0.135290
9.990267	0.134624
10.000267	0.133960
10.010267	0.133299
10.020267	0.132640
10.030268	0.131984
10.040268	0.131330
10.050268	0.130678
10.060268	0.130029
10.070269	0.129382
10.080269	0.128738
10.090269	0.128096
10.100269	0.127457
10.110270	0.126820
10.120270	0.126185
10.130270	0.125553
10.140270	0.124923
10.150270	0.124295
10.160271	0.123670
10.170271	0.123048
10.180271	0.122427
10.190271	0.121810
10.200272	0.121194
10.210272	0.120581
10.220272	0.119970
10.230272	0.119362
10.240273	0.118756
10.250273	0.118152
10.260273	0.117550
10.270273	0.116951
10.280273	0.116355
10.290274	0.115760
10.300274	0.115168
10.310274	0.114578
10.320274	0.113991
10.330275	0.113406
10.340275	0.112823
10.350275	0.112243
10.360275	0.111664
10.370275	0.111088
10.380276	0.110515
10.390276	0.109943
10.400276	0.109374
10.410276	0.108808
10.420277	0.108243
10.430277	0.107681
10.440277	0.107121
10.450277	0.106563
10.460278	0.106008
10.470278	0.105454
10.480278	0.104903
10.490278	0.104355
10.500278	0.103808
10.510279	0.103264
10.520279	0.102722
10.530279	0.102182
10.540279	0.101644
10.550280	0.101109
10.560280	0.100575
10.570280	0.100044
10.580280	0.099515
10.590281	0.098989
10.600281	0.098464
10.610281	0.097942
10.620281	0.097422
10.630281	0.096904
10.640282	0.096388
10.650282	0.095874
10.660282	0.095363
10.670282	0.094853
10.680283	0.094346
10.690283	0.093841
10.700283	0.093338
10.710283	0.092837
10.720284	0.092338
10.730284	0.091842
10.740284	0.091347
10.750284	0.090855
10.760284	0.090365
10.770285	0.089876
10.780285	0.089390
10.790285	0.088906
10.800285	0.088424
10.810286	0.087944
10.820286	0.087466
10.830286	0.086991
10.840286	0.086517
10.850286	0.086045
10.860287	0.085576
10.870287	0.085108
10.880287	0.084642
10.890287	0.084179
10.900288	0.083717
10.910288	0.083258
10.920288	0.082800
10.930288	0.082345
10.940289	0.081891
10.950289	0.081440
10.960289	0.080990
10.970289	0.080543
10.980289	0.080097
10.990290	0.079654
11.000290	0.079212
11.010290	0.078772
11.020290	0.078335
11.030291	0.077899
11.040291	0.077465
11.050291	0.077033
11.060291	0.076604
11.070292	0.076176
11.080292	0.075750
11.090292	0.075325
11.100292	0.074903
11.110292	0.074483
11.120293	0.074064
11.130293	0.073648
11.140293	0.073233
11.150293	0.072821
11.160294	0.072410
11.170294	0.072001
11.180294	0.071594
11.190294	0.071188
11.200294	0.070785
11.210295	0.070383
11.220295	0.069984
11.230295	0.069586
11.240295	0.069190
11.250296	0.068796
11.260296	0.068403
11.270296	0.068013
11.280296	0.067624
11.290297	0.067237
11.300297	0.066852
11.310297	0.066469
11.320297	0.066087
11.330297	0.065707
11.340298	0.065329
11.350298	0.064953
11.360298	0.064579
11.370298	0.064206
11.380299	0.063835
11.390299	0.063466
11.400299	0.063099
11.410299	0.062733
11.420300	0.062369
11.430300	0.062007
11.440300	0.061646
11.450300	0.061288
11.460300	0.060930
11.470301	0.060575
11.480301	0.060221
11.490301	0.059870
11.500301	0.059519
11.510302	0.059171
11.520302	0.058824
11.530302	0.058479
11.540302	0.058135
11.550303	0.057793
11.560303	0.057453
11.570303	0.057114
11.580303	0.056777
11.590303	0.056442
11.600304	0.056108
11.610304	0.055776
11.620304	0.055446
11.630304	0.055117
11.640305	0.054790
11.650305	0.054464
11.660305	0.054140
11.670305	0.053818
11.680305	0.053497
11.690306	0.053178
11.700306	0.052860
11.710306	0.052544
11.720306	0.052230
11.730307	0.051917
11.740307	0.051605
11.750307	0.051296
11.760307	0.050987
11.770308	0.050681
11.780308	0.050375
11.790308	0.050072
11.800308	0.049770
11.810308	0.049469
11.820309	0.049170
11.830309	0.048872
11.840309	0.048576
11.850309	0.048282
11.860310	0.047988
11.870310	0.047697
11.880310	0.047407
11.890310	0.047118
11.900311	0.046831
11.910311	0.046545
11.920311	0.046261
11.930311	0.045978
11.940311	0.045696
11.950312	0.045417
11.960312	0.045138
11.970312	0.044861
11.980312	0.044585
11.990313	0.044311
12.000313	0.044038
12.010313	0.043767
12.020313	0.043497
12.030313	0.043228
12.040314	0.042961
12.050314	0.042695
12.060314	0.042431
12.070314	0.042168
12.080315	0.041906
12.090315	0.041646
12.100315	0.041387
12.110315	0.041129
12.120316	0.040873
12.130316	0.040618
12.140316	0.040364
12.150316	0.040112
12.160316	0.039861
12.170317	0.039612
12.180317	0.039364
12.190317	0.039117
12.200317	0.038871
12.210318	0.038627
12.220318	0.038384
12.230318	0.038142
12.240318	0.037901
12.250319	0.037662
12.260319	0.037424
12.270319	0.037188
12.280319	0.036952
12.290319	0.036718
12.300320	0.036486
12.310320	0.036254
12.320320	0.036024
12.330320	0.035795
12.340321	0.035567
12.350321	0.035340
12.360321	0.035115
12.370321	0.034891
12.380322	0.034668
12.390322	0.034446
12.400322	0.034225
12.410322	0.034006
12.420322	0.033788
12.430323	0.033571
12.440323	0.033355
12.450323	0.033141
12.460323	0.032927
12.470324	0.032715
12.480324	0.032504
12.490324	0.032294
12.500324	0.032086
12.510324	0.031878
12.520325	0.031672
12.530325	0.031466
12.540325	0.031262
12.550325	0.031059
12.560326	0.030857
12.570326	0.030657
12.580326	0.030457
12.590326	0.030258
12.600327	0.030061
12.610327	0.029865
12.620327	0.029669
12.630327	0.029475
12.640327	0.029282
12.650328	0.029090
12.660328	0.028900
12.670328	0.028710
12.680328	0.028521
12.690329	0.028333
12.700329	0.028147
12.710329	0.027961
12.720329	0.027777
12.730330	0.027593
12.740330	0.027411
12.750330	0.027230
12.760330	0.027049
12.770330	0.026870
12.780331	0.026692
12.790331	0.026514
12.800331	0.026338
12.810331	0.026163
12.820332	0.025989
12.830332	0.025816
12.840332	0.025643
12.850332	0.025472
12.860332	0.025302
12.870333	0.025133
12.880333	0.024964
12.890333	0.024797
12.900333	0.024631
12.910334	0.024465
12.920334	0.024301
12.930334	0.024137
12.940334	0.023975
12.950335	0.023813
12.960335	0.023653
12.970335	0.023493
12.980335	0.023334
12.990335	0.023177
13.000336	0.023020
13.010336	0.022864
13.020336	0.022709
13.030336	0.022555
13.040337	0.022401
13.050337	0.022249
13.060337	0.022098
13.070337	0.021947
13.080338	0.021797
13.090338	0.021649
13.100338	0.021501
13.110338	0.021354
13.120338	0.021208
13.130339	0.021062
13.140339	0.020918
13.150339	0.020775
13.160339	0.020632
13.170340	0.020490
13.180340	0.020349
13.190340	0.020209
13.200340	0.020070
13.210340	0.019931
13.220341	0.019794
13.230341	0.019657
13.240341	0.019521
13.250341	0.019386
13.260342	0.019252
13.270342	0.019118
13.280342	0.018985
13.290342	0.018853
13.300343	0.018722
13.310343	0.018592
13.320343	0.018463
13.330343	0.018334
13.340343	0.018206
13.350344	0.018079
13.360344	0.017952
13.370344	0.017827
13.380344	0.017702
13.390345	0.017578
13.400345	0.017455
13.410345	0.017332
13.420345	0.017210
13.430346	0.017089
13.440346	0.016969
13.450346	0.016850
13.460346	0.016731
13.470346	0.016613
13.480347	0.016495
13.490347	0.016379
13.500347	0.016263
13.510347	0.016148
13.520348	0.016033
13.530348	0.015920
13.540348	0.015807
13.550348	0.015694
13.560349	0.015583
13.570349	0.015472
13.580349	0.015361
13.590349	0.015252
13.600349	0.015143
13.610350	0.015035
13.620350	0.014927
13.630350	0.014821
13.640350	0.014715
13.650351	0.014609
13.660351	0.014504
13.670351	0.014400
13.680351	0.014297
13.690351	0.014194
13.700352	0.014092
13.710352	0.013990
13.720352	0.013889
13.730352	0.013789
13.740353	0.013690
13.750353	0.013591
13.760353	0.013492
13.770353	0.013395
13.780354	0.013298
13.790354	0.013201
13.800354	0.013105
13.810354	0.013010
13.820354	0.012915
13.830355	0.012822
13.840355	0.012728
13.850355	0.012635
13.860355	0.012543
13.870356	0.012452
13.880356	0.012361
13.890356	0.012270
13.900356	0.012180
13.910357	0.012091
13.920357	0.012002
13.930357	0.011914
13.940357	0.011827
13.950357	0.011740
13.960358	0.011654
13.970358	0.011568
13.980358	0.011483
13.990358	0.011398


-10.000000	0.011473
-9.990000	0.011556
-9.980000	0.011641
-9.969999	0.011725
-9.959999	0.011811
-9.949999	0.011897
-9.939999	0.011983
-9.929998	0.012070
-9.919998	0.012158
-9.909998	0.012246
-9.899998	0.012335
-9.889997	0.012424
-9.879997	0.012514
-9.869997	0.012604
-9.859997	0.012695
-9.849997	0.012787
-9.839996	0.012879
-9.829996	0.012972
-9.819996	0.013066
-9.809996	0.013160
-9.799995	0.013254
-9.789995	0.013349
-9.779995	0.013445
-9.769995	0.013542
-9.759995	0.013639
-9.749994	0.013736
-9.739994	0.013834
-9.729994	0.013933
-9.719994	0.014033
-9.709993	0.014133
-9.699993	0.014234
-9.689993	0.014335
-9.679993	0.014437
-9.669992	0.014540
-9.659992	0.014643
-9.649992	0.014747
-9.639992	0.014852
-9.629992	0.014957
-9.619991	0.015063
-9.609991	0.015170
-9.599991	0.015277
-9.589991	0.015385
-9.579990	0.015494
-9.569990	0.015603
-9.559990	0.015713
-9.549990	0.015824
-9.539989	0.015935
-9.529989	0.016047
-9.519989	0.016160
-9.509989	0.016273
-9.499989	0.016387
-9.489988	0.016502
-9.479988	0.016618
-9.469988	0.016734
-9.459988	0.016851
-9.449987	0.016969
-9.439987	0.017087
-9.429987	0.017206
-9.419987	0.017326
-9.409986	0.017447
-9.399986	0.017568
-9.389986	0.017690
-9.379986	0.017813
-9.369986	0.017937
-9.359985	0.018061
-9.349985	0.018186
-9.339985	0.018312
-9.329985	0.018439
-9.319984	0.018566
-9.309984	0.018694
-9.299984	0.018823
-9.289984	0.018953
-9.279984	0.019083
-9.269983	0.019215
-9.259983	0.019347
-9.249983	0.019480
-9.239983	0.019613
-9.229982	0.019748
-9.219982	0.019883
-9.209982	0.020019
-9.199982	0.020156
-9.189981	0.020294
-9.179981	0.020433
-9.169981	0.020572
-9.159981	0.020712
-9.149981	0.020853
-9.139980	0.020995
-9.129980	0.021138
-9.119980	0.021282
-9.109980	0.021426
-9.099979	0.021571
-9.089979	0.021718
-9.079979	0.021865
-9.069979	0.022013
-9.059978	0.022161
-9.049978	0.022311
-9.039978	0.022462
-9.029978	0.022613
-9.019978	0.022765
-9.009977	0.022918
-8.999977	0.023073
-8.989977	0.023228
-8.979977	0.023384
-8.969976	0.023540
-8.959976	0.023698
-8.949976	0.023857
-8.939976	0.024016
-8.929976	0.024177
-8.919975	0.024338
-8.909975	0.024501
-8.899975	0.024664
-8.889975	0.024828
-8.879974	0.024993
-8.869974	0.025160
-8.859974	0.025327
-8.849974	0.025495
-8.839973	0.025664
-8.829973	0.025834
-8.819973	0.026005
-8.809973	0.026177
-8.799973	0.026350
-8.789972	0.026524
-8.779972	0.026699
-8.769972	0.026875
-8.759972	0.027052
-8.749971	0.027229
-8.739971	0.027408
-8.729971	0.027588
-8.719971	0.027769
-8.709970	0.027951
-8.699970	0.028135
-8.689970	0.028319
-8.679970	0.028504
-8.669970	0.028690
-8.659969	0.028877
-8.649969	0.029065
-8.639969	0.029255
-8.629969	0.029445
-8.619968	0.029637
-8.609968	0.029829
-8.599968	0.030023
-8.589968	0.030217
-8.579967	0.030413
-8.569967	0.030610
-8.559967	0.030808
-8.549967	0.031007
-8.539967	0.031207
-8.529966	0.031409
-8.519966	0.031611
-8.509966	0.031815
-8.499966	0.032019
-8.489965	0.032225
-8.479965	0.032432
-8.469965	0.032640
-8.459965	0.032849
-8.449965	0.033059
-8.439964	0.033271
-8.429964	0.033484
-8.419964	0.033697
-8.409964	0.033912
-8.399963	0.034129
-8.389963	0.034346
-8.379963	0.034564
-8.369963	0.034784
-8.359962	0.035005
-8.349962	0.035227
-8.339962	0.035450
-8.329962	0.035675
-8.319962	0.035901
-8.309961	0.036128
-8.299961	0.036356
-8.289961	0.036585
-8.279961	0.036816
-8.269960	0.037048
-8.259960	0.037281
-8.249960	0.037515
-8.239960	0.037751
-8.229959	0.037988
-8.219959	0.038226
-8.209959	0.038465
-8.199959	0.038706
-8.189959	0.038948
-8.179958	0.039191
-8.169958	0.039436
-8.159958	0.039681
-8.149958	0.039929
-8.139957	0.040177
-8.129957	0.040427
-8.119957	0.040678
-8.109957	0.040930
-8.099957	0.041184
-8.089956	0.041439
-8.079956	0.041695
-8.069956	0.041953
-8.059956	0.042212
-8.049955	0.042472
-8.039955	0.042734
-8.029955	0.042997
-8.019955	0.043262
-8.009954	0.043528
-7.999954	0.043795
-7.989954	0.044064
-7.979954	0.044334
-7.969954	0.044605
-7.959953	0.044878
-7.949953	0.045152
-7.939953	0.045428
-7.929953	0.045705
-7.919952	0.045983
-7.909952	0.046263
-7.899952	0.046545
-7.889952	0.046827
-7.879951	0.047112
-7.869951	0.047397
-7.859951	0.047684
-7.849951	0.047973
-7.839951	0.048263
-7.829950	0.048555
-7.819950	0.048848
-7.809950	0.049142
-7.799950	0.049438
-7.789949	0.049735
-7.779949	0.050034
-7.769949	0.050335
-7.759949	0.050637
-7.749949	0.050940
-7.739948	0.051245
-7.729948	0.051552
-7.719948	0.051860
-7.709948	0.052170
-7.699947	0.052481
-7.689947	0.052793
-7.679947	0.053108
-7.669947	0.053423
-7.659946	0.053741
-7.649946	0.054060
-7.639946	0.054380
-7.629946	0.054702
-7.619946	0.055026
-7.609945	0.055351
-7.599945	0.055678
-7.589945	0.056007
-7.579945	0.056337
-7.569944	0.056668
-7.559944	0.057002
-7.549944	0.057337
-7.539944	0.057673
-7.529943	0.058011
-7.519943	0.058351
-7.509943	0.058693
-7.499943	0.059036
-7.489943	0.059381
-7.479942	0.059727
-7.469942	0.060075
-7.459942	0.060425
-7.449942	0.060776
-7.439941	0.061130
-7.429941	0.061485
-7.419941	0.061841
-7.409941	0.062199
-7.399940	0.062559
-7.389940	0.062921
-7.379940	0.063284
-7.369940	0.063650
-7.359940	0.064017
-7.349939	0.064385
-7.339939	0.064756
-7.329939	0.065128
-7.319939	0.065501
-7.309938	0.065877
-7.299938	0.066255
-7.289938	0.066634
-7.279938	0.067015
-7.269938	0.067397
-7.259937	0.067782
-7.249937	0.068168
-7.239937	0.068556
-7.229937	0.068946
-7.219936	0.069338
-7.209936	0.069731
-7.199936	0.070127
-7.189936	0.070524
-7.179935	0.070923
-7.169935	0.071324
-7.159935	0.071727
-7.149935	0.072131
-7.139935	0.072538
-7.129934	0.072946
-7.119934	0.073356
-7.109934	0.073768
-7.099934	0.074182
-7.089933	0.074598
-7.079933	0.075015
-7.069933	0.075435
-7.059933	0.075856
-7.049932	0.076280
-7.039932	0.076705
-7.029932	0.077132
-7.019932	0.077562
-7.009932	0.077993
-6.999931	0.078426
-6.989931	0.078861
-6.979931	0.079297
-6.969931	0.079736
-6.959930	0.080177
-6.949930	0.080620
-6.939930	0.081065
-6.929930	0.081511
-6.919930	0.081960
-6.909929	0.082411
-6.899929	0.082863
-6.889929	0.083318
-6.879929	0.083775
-6.869928	0.084233
-6.859928	0.084694
-6.849928	0.085157
-6.839928	0.085622
-6.829927	0.086088
-6.819927	0.086557
-6.809927	0.087028
-6.799927	0.087501
-6.789927	0.087976
-6.779926	0.088453
-6.769926	0.088932
-6.759926	0.089413
-6.749926	0.089896
-6.739925	0.090381
-6.729925	0.090869
-6.719925	0.091358
-6.709925	0.091850
-6.699924	0.092344
-6.689924	0.092839
-6.679924	0.093337
-6.669924	0.093837
-6.659924	0.094339
-6.649923	0.094844
-6.639923	0.095350
-6.629923	0.095858
-6.619923	0.096369
-6.609922	0.096882
-6.599922	0.097397
-6.589922	0.097914
-6.579922	0.098433
-6.569921	0.098955
-6.559921	0.099479
-6.549921	0.100004
-6.539921	0.100532
-6.529921	0.101063
-6.519920	0.101595
-6.509920	0.102130
-6.499920	0.102666
-6.489920	0.103206
-6.479919	0.103747
-6.469919	0.104290
-6.459919	0.104836
-6.449919	0.105384
-6.439919	0.105934
-6.429918	0.106487
-6.419918	0.107041
-6.409918	0.107598
-6.399918	0.108157
-6.389917	0.108719
-6.379917	0.109283
-6.369917	0.109849
-6.359917	0.110417
-6.349916	0.110987
-6.339916	0.111560
-6.329916	0.112135
-6.319916	0.112713
-6.309916	0.113293
-6.299915	0.113875
-6.289915	0.114459
-6.279915	0.115046
-6.269915	0.115635
-6.259914	0.116226
-6.249914	0.116820
-6.239914	0.117416
-6.229914	0.118014
-6.219913	0.118615
-6.209913	0.119218
-6.199913	0.119824
-6.189913	0.120432
-6.179913	0.121042
-6.169912	0.121654
-6.159912	0.122269
-6.149912	0.122887
-6.139912	0.123506
-6.129911	0.124128
-6.119911	0.124753
-6.109911	0.125380
-6.099911	0.126009
-6.089911	0.126641
-6.079910	0.127275
-6.069910	0.127911
-6.059910	0.128550
-6.049910	0.129192
-6.039909	0.129836
-6.029909	0.130482
-6.019909	0.131131
-6.009909	0.131782
-5.999908	0.132435
-5.989908	0.133091
-5.979908	0.133750
-5.969908	0.134411
-5.959908	0.135074
-5.949907	0.135740
-5.939907	0.136409
-5.929907	0.137080
-5.919907	0.137753
-5.909906	0.138429
-5.899906	0.139107
-5.889906	0.139788
-5.879906	0.140471
-5.869905	0.141157
-5.859905	0.141845
-5.849905	0.142536
-5.839905	0.143230
-5.829905	0.143926
-5.819904	0.144624
-5.809904	0.145325
-5.799904	0.146028
-5.789904	0.146735
-5.779903	0.147443
-5.769903	0.148154
-5.759903	0.148868
-5.749903	0.149584
-5.739902	0.150303
-5.729902	0.151024
-5.719902	0.151748
-5.709902	0.152474
-5.699902	0.153204
-5.689901	0.153935
-5.679901	0.154669
-5.669901	0.155406
-5.659901	0.156145
-5.649900	0.156887
-5.639900	0.157632
-5.629900	0.158379
-5.619900	0.159129
-5.609900	0.159881
-5.599899	0.160636
-5.589899	0.161393
-5.579899	0.162154
-5.569899	0.162916
-5.559898	0.163682
-5.549898	0.164450
-5.539898	0.165220
-5.529898	0.165993
-5.519897	0.166769
-5.509897	0.167548
-5.499897	0.168329
-5.489897	0.169113
-5.479897	0.169899
-5.469896	0.170688
-5.459896	0.171480
-5.449896	0.172274
-5.439896	0.173071
-5.429895	0.173871
-5.419895	0.174673
-5.409895	0.175478
-5.399895	0.176286
-5.389894	0.177096
-5.379894	0.177909
-5.369894	0.178725
-5.359894	0.179543
-5.349894	0.180364
-5.339893	0.181188
-5.329893	0.182014
-5.319893	0.182843
-5.309893	0.183675
-5.299892	0.184509
-5.289892	0.185346
-5.279892	0.186186
-5.269892	0.187029
-5.259892	0.187874
-5.249891	0.188722
-5.239891	0.189572
-5.229891	0.190425
-5.219891	0.191281
-5.209890	0.192140
-5.199890	0.193001
-5.189890	0.193865
-5.179890	0.194732
-5.169889	0.195602
-5.159889	0.196474
-5.149889	0.197349
-5.139889	0.198227
-5.129889	0.199107
-5.119888	0.199990
-5.109888	0.200876
-5.099888	0.201764
-5.089888	0.202656
-5.079887	0.203550
-5.069887	0.204446
-5.059887	0.205346
-5.049887	0.206248
-5.039886	0.207153
-5.029886	0.208061
-5.019886	0.208971
-5.009886	0.209884
-4.999886	0.210800
-4.989885	0.211718
-4.979885	0.212640
-4.969885	0.213564
-4.959885	0.214490
-4.949884	0.215420
-4.939884	0.216352
-4.929884	0.217287
-4.919884	0.218225
-4.909883	0.219165
-4.899883	0.220109
-4.889883	0.221055
-4.879883	0.222003
-4.869883	0.222955
-4.859882	0.223909
-4.849882	0.224866
-4.839882	0.225825
-4.829882	0.226788
-4.819881	0.227753
-4.809881	0.228721
-4.799881	0.229692
-4.789881	0.230665
-4.779881	0.231641
-4.769880	0.232620
-4.759880	0.233602
-4.749880	0.234586
-4.739880	0.235573
-4.729879	0.236563
-4.719879	0.237555
-4.709879	0.238551
-4.699879	0.239549
-4.689878	0.240550
-4.679878	0.241553
-4.669878	0.242559
-4.659878	0.243568
-4.649878	0.244580
-4.639877	0.245595
-4.629877	0.246612
-4.619877	0.247632
-4.609877	0.248654
-4.599876	0.249680
-4.589876	0.250708
-4.579876	0.251739
-4.569876	0.252773
-4.559875	0.253809
-4.549875	0.254848
-4.539875	0.255890
-4.529875	0.256934
-4.519875	0.257981
-4.509874	0.259031
-4.499874	0.260084
-4.489874	0.261139
-4.479874	0.262197
-4.469873	0.263258
-4.459873	0.264322
-4.449873	0.265388
-4.439873	0.266457
-4.429873	0.267529
-4.419872	0.268603
-4.409872	0.269680
-4.399872	0.270760
-4.389872	0.271842
-4.379871	0.272927
-4.369871	0.274015
-4.359871	0.275106
-4.349871	0.276199
-4.339870	0.277295
-4.329870	0.278393
-4.319870	0.279495
-4.309870	0.280598
-4.299870	0.281705
-4.289869	0.282814
-4.279869	0.283926
-4.269869	0.285041
-4.259869	0.286158
-4.249868	0.287278
-4.239868	0.288401
-4.229868	0.289526
-4.219868	0.290654
-4.209867	0.291784
-4.199867	0.292917
-4.189867	0.294053
-4.179867	0.295192
-4.169867	0.296333
-4.159866	0.297476
-4.149866	0.298623
-4.139866	0.299772
-4.129866	0.300923
-4.119865	0.302077
-4.109865	0.303234
-4.099865	0.304394
-4.089865	0.305556
-4.079865	0.306720
-4.069864	0.307887
-4.059864	0.309057
-4.049864	0.310229
-4.039864	0.311404
-4.029863	0.312582
-4.019863	0.313762
-4.009863	0.314944
-3.999863	0.316130
-3.989863	0.317317
-3.979863	0.318508
-3.969863	0.319700
-3.959863	0.320896
-3.949863	0.322094
-3.939863	0.323294
-3.929863	0.324497
-3.919863	0.325703
-3.909863	0.326910
-3.899863	0.328121
-3.889863	0.329334
-3.879863	0.330549
-3.869863	0.331767
-3.859863	0.332988
-3.849863	0.334211
-3.839863	0.335436
-3.829863	0.336664
-3.819863	0.337895
-3.809863	0.339127
-3.799863	0.340363
-3.789863	0.341600
-3.779863	0.342841
-3.769863	0.344083
-3.759863	0.345328
-3.749863	0.346576
-3.739863	0.347826
-3.729863	0.349078
-3.719863	0.350333
-3.709863	0.351590
-3.699863	0.352849
-3.689863	0.354111
-3.679863	0.355375
-3.669863	0.356642
-3.659863	0.357911
-3.649863	0.359182
-3.639863	0.360456
-3.629863	0.361732
-3.619863	0.363010
-3.609863	0.364291
-3.599863	0.365574
-3.589863	0.366859
-3.579863	0.368146
-3.569863	0.369436
-3.559863	0.370728
-3.549863	0.372023
-3.539863	0.373320
-3.529863	0.374619
-3.519863	0.375920
-3.509863	0.377223
-3.499863	0.378529
-3.489863	0.379837
-3.479863	0.381147
-3.469863	0.382460
-3.459863	0.383774
-3.449863	0.385091
-3.439863	0.386410
-3.429863	0.387731
-3.419863	0.389054
-3.409863	0.390380
-3.399863	0.391708
-3.389863	0.393037
-3.379864	0.394369
-3.369864	0.395703
-3.359864	0.397040
-3.349864	0.398378
-3.339864	0.399718
-3.329864	0.401061
-3.319864	0.402405
-3.309864	0.403752
-3.299864	0.405101
-3.289864	0.406451
-3.279864	0.407804
-3.269864	0.409159
-3.259864	0.410516
-3.249864	0.411875
-3.239864	0.413236
-3.229864	0.414599
-3.219864	0.415963
-3.209864	0.417330
-3.199864	0.418699
-3.189864	0.420070
-3.179864	0.421443
-3.169864	0.422817
-3.159864	0.424194
-3.149864	0.425572
-3.139864	0.426953
-3.129864	0.428335
-3.119864	0.429719
-3.109864	0.431105
-3.099864	0.432493
-3.089864	0.433883
-3.079864	0.435274
-3.069864	0.436668
-3.059864	0.438063
-3.049864	0.439460
-3.039864	0.440859
-3.029864	0.442259
-3.019864	0.443661
-3.009864	0.445065
-2.999864	0.446471
-2.989864	0.447879
-2.979864	0.449288
-2.969864	0.450699
-2.959864	0.452112
-2.949864	0.453526
-2.939864	0.454942
-2.929864	0.456360
-2.919864	0.457779
-2.909864	0.459200
-2.899864	0.460623
-2.889864	0.462047
-2.879864	0.463473
-2.869864	0.464900
-2.859864	0.466329
-2.849864	0.467760
-2.839864	0.469192
-2.829864	0.470626
-2.819864	0.472061
-2.809864	0.473498
-2.799864	0.474936
-2.789864	0.476375
-2.779864	0.477817
-2.769864	0.479259
-2.759864	0.480703
-2.749864	0.482149
-2.739864	0.483596
-2.729864	0.485044
-2.719864	0.486493
-2.709864	0.487944
-2.699864	0.489397
-2.689864	0.490851
-2.679864	0.492306
-2.669864	0.493762
-2.659864	0.495220
-2.649864	0.496679
-2.639864	0.498139
-2.629864	0.499601
-2.619864	0.501064
-2.609864	0.502528
-2.599864	0.503993
-2.589864	0.505459
-2.579864	0.506927
-2.569864	0.508396
-2.559864	0.509866
-2.549864	0.511337
-2.539864	0.512810
-2.529864	0.514283
-2.519864	0.515757
-2.509864	0.517233
-2.499864	0.518710
-2.489864	0.520188
-2.479864	0.521666
-2.469864	0.523146
-2.459864	0.524627
-2.449864	0.526109
-2.439864	0.527592
-2.429864	0.529075
-2.419864	0.530560
-2.409864	0.532046
-2.399864	0.533533
-2.389864	0.535020
-2.379864	0.536508
-2.369864	0.537998
-2.359864	0.539488
-2.349864	0.540979
-2.339864	0.542471
-2.329865	0.543963
-2.319865	0.545457
-2.309865	0.546951
-2.299865	0.548446
-2.289865	0.549941
-2.279865	0.551438
-2.269865	0.552935
-2.259865	0.554433
-2.249865	0.555931
-2.239865	0.557430
-2.229865	0.558930
-2.219865	0.560431
-2.209865	0.561932
-2.199865	0.563433
-2.189865	0.564935
-2.179865	0.566438
-2.169865	0.567941
-2.159865	0.569445
-2.149865	0.570950
-2.139865	0.572455
-2.129865	0.573960
-2.119865	0.575466
-2.109865	0.576972
-2.099865	0.578479
-2.089865	0.579986
-2.079865	0.581493
-2.069865	0.583001
-2.059865	0.584509
-2.049865	0.586017
-2.039865	0.587526
-2.029865	0.589035
-2.019865	0.590545
-2.009865	0.592054
-1.999865	0.593564
-1.989865	0.595074
-1.979865	0.596585
-1.969865	0.598095
-1.959865	0.599606
-1.949865	0.601117
-1.939865	0.602628
-1.929865	0.604139
-1.919865	0.605650
-1.909865	0.607161
-1.899865	0.608673
-1.889865	0.610184
-1.879865	0.611695
-1.869865	0.613207
-1.859865	0.614718
-1.849865	0.616230
-1.839865	0.617741
-1.829865	0.619252
-1.819865	0.620763
-1.809865	0.622274
-1.799865	0.623785
-1.789865	0.625296
-1.779865	0.626807
-1.769865	0.628317
-1.759865	0.629827
-1.749865	0.631337
-1.739865	0.632847
-1.729865	0.634357
-1.719865	0.635866
-1.709865	0.637375
-1.699865	0.638884
-1.689865	0.640392
-1.679865	0.641900
-1.669865	0.643407
-1.659865	0.644914
-1.649865	0.646421
-1.639865	0.647928
-1.629865	0.649433
-1.619865	0.650939
-1.609865	0.652444
-1.599865	0.653948
-1.589865	0.655452
-1.579865	0.656955
-1.569865	0.658458
-1.559865	0.659960
-1.549865	0.661461
-1.539865	0.662962
-1.529865	0.664462
-1.519865	0.665962
-1.509865	0.667461
-1.499865	0.668959
-1.489865	0.670456
-1.479865	0.671953
-1.469865	0.673449
-1.459865	0.674944
-1.449865	0.676438
-1.439865	0.677932
-1.429865	0.679424
-1.419865	0.680916
-1.409865	0.682407
-1.399865	0.683896
-1.389865	0.685385
-1.379865	0.686873
-1.369865	0.688360
-1.359865	0.689846
-1.349865	0.691331
-1.339865	0.692815
-1.329865	0.694298
-1.319865	0.695780
-1.309865	0.697260
-1.299865	0.698740
-1.289865	0.700218
-1.279866	0.701696
-1.269866	0.703172
-1.259866	0.704646
-1.249866	0.706120
-1.239866	0.707592
-1.229866	0.709063
-1.219866	0.710533
-1.209866	0.712002
-1.199866	0.713469
-1.189866	0.714935
-1.179866	0.716399
-1.169866	0.717862
-1.159866	0.719324
-1.149866	0.720784
-1.139866	0.722242
-1.129866	0.723700
-1.119866	0.725155
-1.109866	0.726609
-1.099866	0.728062
-1.089866	0.729513
-1.079866	0.730963
-1.069866	0.732410
-1.059866	0.733857
-1.049866	0.735301
-1.039866	0.736744
-1.029866	0.738185
-1.019866	0.739625
-1.009866	0.741063
-0.999866	0.742499
-0.989866	0.743933
-0.979866	0.745365
-0.969866	0.746796
-0.959866	0.748225
-0.949866	0.749651
-0.939866	0.751076
-0.929866	0.752500
-0.919866	0.753921
-0.909866	0.755340
-0.899866	0.756757
-0.889866	0.758172
-0.879866	0.759586
-0.869866	0.760997
-0.859866	0.762406
-0.849866	0.763813
-0.839866	0.765218
-0.829866	0.766621
-0.819866	0.768021
-0.809866	0.769420
-0.799866	0.770816
-0.789866	0.772210
-0.779866	0.773602
-0.769866	0.774992
-0.759866	0.776379
-0.749866	0.777764
-0.739866	0.779147
-0.729866	0.780527
-0.719866	0.781905
-0.709866	0.783281
-0.699866	0.784654
-0.689866	0.786025
-0.679866	0.787393
-0.669866	0.788759
-0.659866	0.790123
-0.649866	0.791484
-0.639866	0.792842
-0.629866	0.794198
-0.619866	0.795551
-0.609866	0.796902
-0.599866	0.798250
-0.589866	0.799595
-0.579866	0.800938
-0.569866	0.802278
-0.559866	0.803616
-0.549866	0.804950
-0.539866	0.806282
-0.529866	0.807611
-0.519866	0.808938
-0.509866	0.810261
-0.499866	0.811582
-0.489866	0.812900
-0.479866	0.814215
-0.469866	0.815527
-0.459866	0.816836
-0.449866	0.818142
-0.439866	0.819445
-0.429866	0.820746
-0.419866	0.822043
-0.409866	0.823337
-0.399866	0.824629
-0.389866	0.825917
-0.379866	0.827202
-0.369866	0.828484
-0.359866	0.829763
-0.349866	0.831038
-0.339866	0.832311
-0.329866	0.833580
-0.319866	0.834846
-0.309866	0.836109
-0.299866	0.837369
-0.289866	0.838625
-0.279866	0.839878
-0.269866	0.841128
-0.259866	0.842375
-0.249866	0.843618
-0.239866	0.844858
-0.229866	0.846094
-0.219866	0.847327
-0.209866	0.848556
-0.199866	0.849782
-0.189866	0.851005
-0.179866	0.852224
-0.169866	0.853439
-0.159866	0.854651
-0.149866	0.855860
-0.139866	0.857065
-0.129866	0.858266
-0.119866	0.859464
-0.109866	0.860658
-0.099866	0.861848
-0.089866	0.863034
-0.079866	0.864217
-0.069866	0.865397
-0.059866	0.866572
-0.049866	0.867744
-0.039866	0.868912
-0.029866	0.870076
-0.019866	0.871236
-0.009866	0.872393
0.000134	0.873545
0.010134	0.874694
0.020134	0.875839
0.030134	0.876980
0.040134	0.878117
0.050134	0.879250
0.060134	0.880379
0.070134	0.881504
0.080134	0.882625
0.090134	0.883742
0.100134	0.884854
0.110134	0.885963
0.120134	0.887068
0.130134	0.888169
0.140134	0.889265
0.150134	0.890357
0.160134	0.891446
0.170134	0.892530
0.180134	0.893609
0.190134	0.894685
0.200134	0.895756
0.210134	0.896823
0.220134	0.897886
0.230134	0.898944
0.240134	0.899998
0.250134	0.901048
0.260134	0.902094
0.270134	0.903135
0.280134	0.904171
0.290134	0.905204
0.300134	0.906231
0.310134	0.907255
0.320134	0.908274
0.330134	0.909288
0.340134	0.910298
0.350134	0.911303
0.360134	0.912304
0.370134	0.913300
0.380134	0.914292
0.390134	0.915279
0.400133	0.916262
0.410133	0.917240
0.420133	0.918213
0.430133	0.919181
0.440133	0.920145
0.450133	0.921104
0.460133	0.922059
0.470133	0.923009
0.480133	0.923954
0.490133	0.924894
0.500133	0.925829
0.510133	0.926760
0.520133	0.927686
0.530133	0.928607
0.540133	0.929523
0.550133	0.930434
0.560133	0.931340
0.570133	0.932242
0.580133	0.933138
0.590133	0.934030
0.600133	0.934917
0.610133	0.935798
0.620133	0.936675
0.630133	0.937547
0.640133	0.938414
0.650133	0.939275
0.660133	0.940132
0.670133	0.940984
0.680133	0.941830
0.690133	0.942672
0.700133	0.943508
0.710133	0.944339
0.720133	0.945165
0.730133	0.945986
0.740133	0.946802
0.750133	0.947612
0.760133	0.948418
0.770133	0.949218
0.780133	0.950013
0.790133	0.950803
0.800133	0.951587
0.810133	0.952366
0.820133	0.953140
0.830133	0.953909
0.840133	0.954672
0.850133	0.955430
0.860133	0.956183
0.870133	0.956930
0.880133	0.957672
0.890133	0.958408
0.900133	0.959139
0.910133	0.959865
0.920133	0.960585
0.930133	0.961300
0.940133	0.962009
0.950133	0.962713
0.960133	0.963412
0.970133	0.964105
0.980133	0.964792
0.990133	0.965474
1.000133	0.966150
1.010133	0.966821
1.020133	0.967487
1.030133	0.968146
1.040133	0.968800
1.050133	0.969449
1.060133	0.970092
1.070133	0.970729
1.080133	0.971361
1.090133	0.971987
1.100133	0.972608
1.110133	0.973222
1.120133	0.973831
1.130133	0.974435
1.140133	0.975033
1.150133	0.975625
1.160133	0.976211
1.170133	0.976791
1.180133	0.977366
1.190133	0.977935
1.200133	0.978498
1.210133	0.979056
1.220133	0.979608
1.230133	0.980154
1.240133	0.980694
1.250133	0.981228
1.260133	0.981756
1.270133	0.982279
1.280133	0.982796
1.290133	0.983307
1.300133	0.983812
1.310133	0.984311
1.320133	0.984804
1.330133	0.985291
1.340133	0.985773
1.350133	0.986248
1.360133	0.986718
1.370133	0.987182
1.380133	0.987640
1.390133	0.988091
1.400133	0.988537
1.410133	0.988977
1.420133	0.989411
1.430133	0.989839
1.440132	0.990261
1.450132	0.990677
1.460132	0.991087
1.470132	0.991490
1.480132	0.991888
1.490132	0.992280
1.500132	0.992666
1.510132	0.993046
1.520132	0.993419
1.530132	0.993787
1.540132	0.994148
1.550132	0.994504
1.560132	0.994853
1.570132	0.995196
1.580132	0.995534
1.590132	0.995865
1.600132	0.996190
1.610132	0.996508
1.620132	0.996821
1.630132	0.997128
1.640132	0.997428
1.650132	0.997722
1.660132	0.998010
1.670132	0.998292
1.680132	0.998568
1.690132	0.998838
1.700132	0.999101
1.710132	0.999359
1.720132	0.999610
1.730132	0.999855
1.740132	1.000093
1.750132	1.000326
1.760132	1.000552
1.770132	1.000772
1.780132	1.000986
1.790132	1.001194
1.800132	1.001395
1.810132	1.001590
1.820132	1.001779
1.830132	1.001962
1.840132	1.002138
1.850132	1.002309
1.860132	1.002473
1.870132	1.002630
1.880132	1.002782
1.890132	1.002927
1.900132	1.003066
1.910132	1.003199
1.920132	1.003325
1.930132	1.003446
1.940132	1.003560
1.950132	1.003667
1.960132	1.003769
1.970132	1.003864
1.980132	1.003953
1.990132	1.004035
2.000132	1.004111
2.010132	1.004181
2.020132	1.004245
2.030132	1.004302
2.040132	1.004353
2.050132	1.004398
2.060132	1.004437
2.070132	1.004469
2.080132	1.004495
2.090132	1.004514
2.100132	1.004528
2.110132	1.004535
2.120132	1.004536
2.130132	1.004530
2.140132	1.004518
2.150132	1.004500
2.160132	1.004475
2.170132	1.004445
2.180132	1.004408
2.190132	1.004364
2.200132	1.004314
2.210132	1.004258
2.220132	1.004196
2.230132	1.004128
2.240132	1.004053
2.250132	1.003972
2.260132	1.003884
2.270132	1.003790
2.280132	1.003690
2.290132	1.003584
2.300132	1.003471
2.310132	1.003352
2.320132	1.003227
2.330132	1.003096
2.340132	1.002958
2.350132	1.002814
2.360132	1.002663
2.370132	1.002507
2.380132	1.002344
2.390132	1.002175
2.400132	1.001999
2.410132	1.001818
2.420132	1.001630
2.430132	1.001436
2.440132	1.001235
2.450132	1.001028
2.460132	1.000815
2.470132	1.000596
2.480132	1.000371
2.490132	1.000139
2.500132	0.999901
2.510132	0.999657
2.520132	0.999407
2.530132	0.999150
2.540132	0.998887
2.550132	0.998618
2.560132	0.998343
2.570132	0.998061
2.580132	0.997774
2.590132	0.997480
2.600132	0.997180
2.610132	0.996874
2.620131	0.996561
2.630131	0.996243
2.640131	0.995918
2.650131	0.995587
2.660131	0.995250
2.670131	0.994907
2.680131	0.994558
2.690131	0.994202
2.700131	0.993841
2.710131	0.993473
2.720131	0.993099
2.730131	0.992719
2.740131	0.992333
2.750131	0.991941
2.760131	0.991543
2.770131	0.991138
2.780131	0.990728
2.790131	0.990311
2.800131	0.989889
2.810131	0.989460
2.820131	0.989026
2.830131	0.988585
2.840131	0.988138
2.850131	0.987686
2.860131	0.987227
2.870131	0.986762
2.880131	0.986291
2.890131	0.985815
2.900131	0.985332
2.910131	0.984843
2.920131	0.984348
2.930131	0.983848
2.940131	0.983341
2.950131	0.982829
2.960131	0.982310
2.970131	0.981786
2.980131	0.981256
2.990131	0.980719
3.000131	0.980177
3.010131	0.979629
3.020131	0.979075
3.030131	0.978516
3.040131	0.977950
3.050131	0.977379
3.060131	0.976802
3.070131	0.976219
3.080131	0.975630
3.090131	0.975035
3.100131	0.974435
3.110131	0.973828
3.120131	0.973216
3.130131	0.972599
3.140131	0.971975
3.150131	0.971346
3.160131	0.970711
3.170131	0.970070
3.180131	0.969424
3.190131	0.968772
3.200131	0.968114
3.210131	0.967451
3.220131	0.966782
3.230131	0.966107
3.240131	0.965427
3.250131	0.964741
3.260131	0.964049
3.270131	0.963352
3.280131	0.962649
3.290131	0.961941
3.300131	0.961227
3.310131	0.960508
3.320131	0.959783
3.330131	0.959052
3.340131	0.958316
3.350131	0.957575
3.360131	0.956828
3.370131	0.956075
3.380131	0.955318
3.390131	0.954554
3.400131	0.953786
3.410131	0.953011
3.420131	0.952232
3.430131	0.951447
3.440131	0.950657
3.450131	0.949861
3.460131	0.949060
3.470131	0.948254
3.480131	0.947442
3.490131	0.946625
3.500131	0.945803
3.510131	0.944975
3.520131	0.944143
3.530131	0.943305
3.540131	0.942461
3.550131	0.941613
3.560131	0.940759
3.570131	0.939901
3.580131	0.939037
3.590131	0.938168
3.600131	0.937293
3.610131	0.936414
3.620131	0.935530
3.630131	0.934640
3.640131	0.933745
3.650131	0.932846
3.660131	0.931941
3.670130	0.931031
3.680130	0.930116
3.690130	0.929197
3.700130	0.928272
3.710130	0.927342
3.720130	0.926408
3.730130	0.925468
3.740130	0.924524
3.750130	0.923574
3.760130	0.922620
3.770130	0.921661
3.780130	0.920697
3.790130	0.919728
3.800130	0.918755
3.810130	0.917776
3.820130	0.916793
3.830130	0.915805
3.840130	0.914812
3.850130	0.913815
3.860130	0.912813
3.870130	0.911806
3.880130	0.910795
3.890130	0.909779
3.900130	0.908758
3.910130	0.907733
3.920130	0.906703
3.930130	0.905668
3.940130	0.904629
3.950130	0.903585
3.960130	0.902537
3.970130	0.901484
3.980130	0.900427
3.990130	0.899365
4.000130	0.898299
4.010130	0.897229
4.020131	0.896154
4.030131	0.895074
4.040131	0.893991
4.050131	0.892902
4.060132	0.891810
4.070132	0.890713
4.080132	0.889612
4.090132	0.888506
4.100132	0.887397
4.110133	0.886283
4.120133	0.885165
4.130133	0.884042
4.140133	0.882916
4.150134	0.881785
4.160134	0.880650
4.170134	0.879511
4.180134	0.878368
4.190135	0.877221
4.200135	0.876069
4.210135	0.874914
4.220135	0.873754
4.230135	0.872591
4.240136	0.871424
4.250136	0.870252
4.260136	0.869077
4.270136	0.867897
4.280137	0.866714
4.290137	0.865527
4.300137	0.864336
4.310137	0.863141
4.320138	0.861942
4.330138	0.860740
4.340138	0.859534
4.350138	0.858324
4.360138	0.857110
4.370139	0.855892
4.380139	0.854671
4.390139	0.853446
4.400139	0.852217
4.410140	0.850985
4.420140	0.849749
4.430140	0.848509
4.440140	0.847266
4.450140	0.846019
4.460141	0.844769
4.470141	0.843515
4.480141	0.842258
4.490141	0.840997
4.500142	0.839733
4.510142	0.838465
4.520142	0.837194
4.530142	0.835919
4.540143	0.834641
4.550143	0.833360
4.560143	0.832075
4.570143	0.830788
4.580143	0.829496
4.590144	0.828202
4.600144	0.826904
4.610144	0.825603
4.620144	0.824299
4.630145	0.822991
4.640145	0.821681
4.650145	0.820367
4.660145	0.819050
4.670146	0.817730
4.680146	0.816407
4.690146	0.815081
4.700146	0.813752
4.710146	0.812419
4.720147	0.811084
4.730147	0.809746
4.740147	0.808405
4.750147	0.807061
4.760148	0.805714
4.770148	0.804364
4.780148	0.803011
4.790148	0.801655
4.800148	0.800297
4.810149	0.798936
4.820149	0.797572
4.830149	0.796205
4.840149	0.794836
4.850150	0.793463
4.860150	0.792088
4.870150	0.790711
4.880150	0.789331
4.890151	0.787948
4.900151	0.786562
4.910151	0.785174
4.920151	0.783784
4.930151	0.782390
4.940152	0.780995
4.950152	0.779597
4.960152	0.778196
4.970152	0.776793
4.980153	0.775387
4.990153	0.773979
5.000153	0.772569
5.010153	0.771156
5.020154	0.769741
5.030154	0.768324
5.040154	0.766904
5.050154	0.765482
5.060154	0.764058
5.070155	0.762632
5.080155	0.761203
5.090155	0.759772
5.100155	0.758339
5.110156	0.756904
5.120156	0.755467
5.130156	0.754027
5.140156	0.752586
5.150156	0.751143
5.160157	0.749697
5.170157	0.748249
5.180157	0.746800
5.190157	0.745348
5.200158	0.743895
5.210158	0.742440
5.220158	0.740982
5.230158	0.739523
5.240159	0.738062
5.250159	0.736599
5.260159	0.735135
5.270159	0.733668
5.280159	0.732200
5.290160	0.730730
5.300160	0.729258
5.310160	0.727785
5.320160	0.726310
5.330161	0.724833
5.340161	0.723355
5.350161	0.721875
5.360161	0.720393
5.370162	0.718910
5.380162	0.717426
5.390162	0.715939
5.400162	0.714452
5.410162	0.712962
5.420163	0.711472
5.430163	0.709980
5.440163	0.708486
5.450163	0.706991
5.460164	0.705495
5.470164	0.703997
5.480164	0.702498
5.490164	0.700998
5.500165	0.699496
5.510165	0.697994
5.520165	0.696489
5.530165	0.694984
5.540165	0.693478
5.550166	0.691970
5.560166	0.690461
5.570166	0.688951
5.580166	0.687440
5.590167	0.685928
5.600167	0.684415
5.610167	0.682900
5.620167	0.681385
5.630167	0.679869
5.640168	0.678351
5.650168	0.676833
5.660168	0.675314
5.670168	0.673794
5.680169	0.672273
5.690169	0.670751
5.700169	0.669228
5.710169	0.667704
5.720170	0.666180
5.730170	0.664654
5.740170	0.663128
5.750170	0.661602
5.760170	0.660074
5.770171	0.658546
5.780171	0.657017
5.790171	0.655488
5.800171	0.653957
5.810172	0.652426
5.820172	0.650895
5.830172	0.649363
5.840172	0.647830
5.850173	0.646297
5.860173	0.644764
5.870173	0.643229
5.880173	0.641695
5.890173	0.640160
5.900174	0.638624
5.910174	0.637088
5.920174	0.635552
5.930174	0.634015
5.940175	0.632478
5.950175	0.630941
5.960175	0.629403
5.970175	0.627865
5.980175	0.626327
5.990176	0.624788
6.000176	0.623249
6.010176	0.621710
6.020176	0.620171
6.030177	0.618632
6.040177	0.617092
6.050177	0.615552
6.060177	0.614013
6.070178	0.612473
6.080178	0.610933
6.090178	0.609393
6.100178	0.607853
6.110178	0.606313
6.120179	0.604772
6.130179	0.603232
6.140179	0.601692
6.150179	0.600152
6.160180	0.598612
6.170180	0.597073
6.180180	0.595533
6.190180	0.593993
6.200181	0.592454
6.210181	0.590915
6.220181	0.589376
6.230181	0.587837
6.240181	0.586299
6.250182	0.584760
6.260182	0.583222
6.270182	0.581685
6.280182	0.580147
6.290183	0.578610
6.300183	0.577073
6.310183	0.575537
6.320183	0.574001
6.330184	0.572465
6.340184	0.570930
6.350184	0.569395
6.360184	0.567861
6.370184	0.566327
6.380185	0.564794
6.390185	0.563261
6.400185	0.561729
6.410185	0.560197
6.420186	0.558666
6.430186	0.557136
6.440186	0.555606
6.450186	0.554076
6.460186	0.552548
6.470187	0.551019
6.480187	0.549492
6.490187	0.547965
6.500187	0.546440
6.510188	0.544914
6.520188	0.543390
6.530188	0.541866
6.540188	0.540343
6.550189	0.538821
6.560189	0.537300
6.570189	0.535779
6.580189	0.534259
6.590189	0.532741
6.600190	0.531223
6.610190	0.529706
6.620190	0.528189
6.630190	0.526674
6.640191	0.525160
6.650191	0.523647
6.660191	0.522134
6.670191	0.520623
6.680192	0.519113
6.690192	0.517604
6.700192	0.516095
6.710192	0.514588
6.720192	0.513082
6.730193	0.511577
6.740193	0.510073
6.750193	0.508571
6.760193	0.507069
6.770194	0.505569
6.780194	0.504069
6.790194	0.502571
6.800194	0.501074
6.810194	0.499579
6.820195	0.498084
6.830195	0.496591
6.840195	0.495099
6.850195	0.493609
6.860196	0.492119
6.870196	0.490632
6.880196	0.489145
6.890196	0.487660
6.900197	0.486176
6.910197	0.484693
6.920197	0.483212
6.930197	0.481732
6.940197	0.480254
6.950198	0.478777
6.960198	0.477301
6.970198	0.475827
6.980198	0.474355
6.990199	0.472884
7.000199	0.471414
7.010199	0.469946
7.020199	0.468479
7.030200	0.467014
7.040200	0.465551
7.050200	0.464089
7.060200	0.462629
7.070200	0.461170
7.080201	0.459713
7.090201	0.458258
7.100201	0.456804
7.110201	0.455352
7.120202	0.453902
7.130202	0.452453
7.140202	0.451006
7.150202	0.449560
7.160203	0.448117
7.170203	0.446675
7.180203	0.445235
7.190203	0.443796
7.200203	0.442360
7.210204	0.440925
7.220204	0.439492
7.230204	0.438061
7.240204	0.436631
7.250205	0.435204
7.260205	0.433778
7.270205	0.432354
7.280205	0.430932
7.290205	0.429512
7.300206	0.428094
7.310206	0.426678
7.320206	0.425263
7.330206	0.423851
7.340207	0.422440
7.350207	0.421032
7.360207	0.419625
7.370207	0.418221
7.380208	0.416818
7.390208	0.415418
7.400208	0.414019
7.410208	0.412623
7.420208	0.411228
7.430209	0.409835
7.440209	0.408445
7.450209	0.407057
7.460209	0.405670
7.470210	0.404286
7.480210	0.402904
7.490210	0.401524
7.500210	0.400146
7.510211	0.398771
7.520211	0.397397
7.530211	0.396026
7.540211	0.394656
7.550211	0.393289
7.560212	0.391925
7.570212	0.390562
7.580212	0.389201
7.590212	0.387843
7.600213	0.386487
7.610213	0.385133
7.620213	0.383782
7.630213	0.382432
7.640213	0.381085
7.650214	0.379740
7.660214	0.378398
7.670214	0.377058
7.680214	0.375720
7.690215	0.374384
7.700215	0.373051
7.710215	0.371720
7.720215	0.370391
7.730216	0.369065
7.740216	0.367741
7.750216	0.366419
7.760216	0.365100
7.770216	0.363783
7.780217	0.362469
7.790217	0.361157
7.800217	0.359847
7.810217	0.358540
7.820218	0.357235
7.830218	0.355932
7.840218	0.354632
7.850218	0.353335
7.860219	0.352040
7.870219	0.350747
7.880219	0.349457
7.890219	0.348169
7.900219	0.346884
7.910220	0.345601
7.920220	0.344321
7.930220	0.343043
7.940220	0.341768
7.950221	0.340495
7.960221	0.339225
7.970221	0.337958
7.980221	0.336693
7.990222	0.335430
8.000221	0.334170
8.010221	0.332913
8.020222	0.331658
8.030222	0.330405
8.040222	0.329156
8.050222	0.327909
8.060223	0.326664
8.070223	0.325422
8.080223	0.324183
8.090223	0.322946
8.100224	0.321712
8.110224	0.320480
8.120224	0.319251
8.130224	0.318025
8.140224	0.316802
8.150225	0.315581
8.160225	0.314362
8.170225	0.313147
8.180225	0.311934
8.190226	0.310723
8.200226	0.309516
8.210226	0.308311
8.220226	0.307108
8.230227	0.305909
8.240227	0.304712
8.250227	0.303518
8.260227	0.302326
8.270227	0.301137
8.280228	0.299951
8.290228	0.298768
8.300228	0.297587
8.310228	0.296409
8.320229	0.295234
8.330229	0.294061
8.340229	0.292892
8.350229	0.291725
8.360229	0.290560
8.370230	0.289399
8.380230	0.288240
8.390230	0.287084
8.400230	0.285931
8.410231	0.284781
8.420231	0.283633
8.430231	0.282488
8.440231	0.281346
8.450232	0.280207
8.460232	0.279070
8.470232	0.277936
8.480232	0.276805
8.490232	0.275677
8.500233	0.274552
8.510233	0.273429
8.520233	0.272309
8.530233	0.271192
8.540234	0.270078
8.550234	0.268967
8.560234	0.267858
8.570234	0.266753
8.580235	0.265650
8.590235	0.264550
8.600235	0.263452
8.610235	0.262358
8.620235	0.261266
8.630236	0.260178
8.640236	0.259092
8.650236	0.258009
8.660236	0.256929
8.670237	0.255851
8.680237	0.254777
8.690237	0.253705
8.700237	0.252636
8.710238	0.251570
8.720238	0.250507
8.730238	0.249447
8.740238	0.248389
8.750238	0.247335
8.760239	0.246283
8.770239	0.245234
8.780239	0.244188
8.790239	0.243145
8.800240	0.242105
8.810240	0.241068
8.820240	0.240033
8.830240	0.239002
8.840240	0.237973
8.850241	0.236947
8.860241	0.235924
8.870241	0.234904
8.880241	0.233887
8.890242	0.232872
8.900242	0.231861
8.910242	0.230852
8.920242	0.229846
8.930243	0.228843
8.940243	0.227843
8.950243	0.226846
8.960243	0.225852
8.970243	0.224861
8.980244	0.223872
8.990244	0.222886
9.000244	0.221904
9.010244	0.220924
9.020245	0.219947
9.030245	0.218973
9.040245	0.218002
9.050245	0.217033
9.060246	0.216068
9.070246	0.215105
9.080246	0.214146
9.090246	0.213189
9.100246	0.212235
9.110247	0.211284
9.120247	0.210336
9.130247	0.209390
9.140247	0.208448
9.150248	0.207508
9.160248	0.206572
9.170248	0.205638
9.180248	0.204707
9.190248	0.203779
9.200249	0.202854
9.210249	0.201931
9.220249	0.201012
9.230249	0.200095
9.240250	0.199182
9.250250	0.198271
9.260250	0.197363
9.270250	0.196458
9.280251	0.195556
9.290251	0.194656
9.300251	0.193760
9.310251	0.192866
9.320251	0.191975
9.330252	0.191087
9.340252	0.190202
9.350252	0.189320
9.360252	0.188440
9.370253	0.187564
9.380253	0.186690
9.390253	0.185819
9.400253	0.184951
9.410254	0.184086
9.420254	0.183224
9.430254	0.182364
9.440254	0.181508
9.450254	0.180654
9.460255	0.179803
9.470255	0.178955
9.480255	0.178109
9.490255	0.177267
9.500256	0.176427
9.510256	0.175590
9.520256	0.174756
9.530256	0.173925
9.540257	0.173096
9.550257	0.172271
9.560257	0.171448
9.570257	0.170628
9.580257	0.169811
9.590258	0.168996
9.600258	0.168185
9.610258	0.167376
9.620258	0.166570
9.630259	0.165767
9.640259	0.164966
9.650259	0.164168
9.660259	0.163374
9.670259	0.162581
9.680260	0.161792
9.690260	0.161005
9.700260	0.160222
9.710260	0.159441
9.720261	0.158662
9.730261	0.157887
9.740261	0.157114
9.750261	0.156344
9.760262	0.155576
9.770262	0.154812
9.780262	0.154050
9.790262	0.153291
9.800262	0.152535
9.810263	0.151781
9.820263	0.151030
9.830263	0.150282
9.840263	0.149536
9.850264	0.148794
9.860264	0.148054
9.870264	0.147316
9.880264	0.146582
9.890265	0.145850
9.900265	0.145121
9.910265	0.144394
9.920265	0.143670
9.930265	0.142949
9.940266	0.142230
9.950266	0.141515
9.960266	0.140801
9.970266	0.140091
9.980267	0.139383
9.990267	0.138678
10.000267	0.137975
10.010267	0.137276
10.020267	0.136578
10.030268	0.135884
10.040268	0.135192
10.050268	0.134503
10.060268	0.133816
10.070269	0.133132
10.080269	0.132450
10.090269	0.131772
10.100269	0.131095
10.110270	0.130422
10.120270	0.129751
10.130270	0.129082
10.140270	0.128417
10.150270	0.127753
10.160271	0.127093
10.170271	0.126435
10.180271	0.125779
10.190271	0.125126
10.200272	0.124476
10.210272	0.123828
10.220272	0.123183
10.230272	0.122540
10.240273	0.121900
10.250273	0.121262
10.260273	0.120627
10.270273	0.119995
10.280273	0.119365
10.290274	0.118737
10.300274	0.118112
10.310274	0.117490
10.320274	0.116870
10.330275	0.116252
10.340275	0.115637
10.350275	0.115025
10.360275	0.114415
10.370275	0.113807
10.380276	0.113202
10.390276	0.112600
10.400276	0.112000
10.410276	0.111402
10.420277	0.110807
10.430277	0.110214
10.440277	0.109624
10.450277	0.109036
10.460278	0.108451
10.470278	0.107868
10.480278	0.107287
10.490278	0.106709
10.500278	0.106133
10.510279	0.105560
10.520279	0.104989
10.530279	0.104420
10.540279	0.103854
10.550280	0.103290
10.560280	0.102729
10.570280	0.102170
10.580280	0.101613
10.590281	0.101059
10.600281	0.100507
10.610281	0.099957
10.620281	0.099410
10.630281	0.098865
10.640282	0.098323
10.650282	0.097782
10.660282	0.097244
10.670282	0.096709
10.680283	0.096175
10.690283	0.095644
10.700283	0.095116
10.710283	0.094589
10.720284	0.094065
10.730284	0.093543
10.740284	0.093024
10.750284	0.092506
10.760284	0.091991
10.770285	0.091479
10.780285	0.090968
10.790285	0.090460
10.800285	0.089954
10.810286	0.089450
10.820286	0.088948
10.830286	0.088449
10.840286	0.087952
10.850286	0.087457
10.860287	0.086964
10.870287	0.086474
10.880287	0.085986
10.890287	0.085499
10.900288	0.085015
10.910288	0.084534
10.920288	0.084054
10.930288	0.083577
10.940289	0.083101
10.950289	0.082628
10.960289	0.082157
10.970289	0.081689
10.980289	0.081222
10.990290	0.080757
11.000290	0.080295
11.010290	0.079834
11.020290	0.079376
11.030291	0.078920
11.040291	0.078466
11.050291	0.078014
11.060291	0.077564
11.070292	0.077117
11.080292	0.076671
11.090292	0.076227
11.100292	0.075786
11.110292	0.075346
11.120293	0.074909
11.130293	0.074473
11.140293	0.074040
11.150293	0.073609
11.160294	0.073179
11.170294	0.072752
11.180294	0.072327
11.190294	0.071903
11.200294	0.071482
11.210295	0.071063
11.220295	0.070646
11.230295	0.070230
11.240295	0.069817
11.250296	0.069405
11.260296	0.068996
11.270296	0.068589
11.280296	0.068183
11.290297	0.067780
11.300297	0.067378
11.310297	0.066978
11.320297	0.066580
11.330297	0.066185
11.340298	0.065791
11.350298	0.065399
11.360298	0.065009
11.370298	0.064620
11.380299	0.064234
11.390299	0.063850
11.400299	0.063467
11.410299	0.063086
11.420300	0.062707
11.430300	0.062330
11.440300	0.061955
11.450300	0.061582
11.460300	0.061211
11.470301	0.060841
11.480301	0.060473
11.490301	0.060107
11.500301	0.059743
11.510302	0.059381
11.520302	0.059020
11.530302	0.058662
11.540302	0.058305
11.550303	0.057949
11.560303	0.057596
11.570303	0.057244
11.580303	0.056895
11.590303	0.056547
11.600304	0.056200
11.610304	0.055856
11.620304	0.055513
11.630304	0.055172
11.640305	0.054832
11.650305	0.054495
11.660305	0.054159
11.670305	0.053824
11.680305	0.053492
11.690306	0.053161
11.700306	0.052832
11.710306	0.052505
11.720306	0.052179
11.730307	0.051855
11.740307	0.051532
11.750307	0.051211
11.760307	0.050892
11.770308	0.050575
11.780308	0.050259
11.790308	0.049945
11.800308	0.049632
11.810308	0.049321
11.820309	0.049012
11.830309	0.048705
11.840309	0.048398
11.850309	0.048094
11.860310	0.047791
11.870310	0.047490
11.880310	0.047190
11.890310	0.046892
11.900311	0.046595
11.910311	0.046300
11.920311	0.046007
11.930311	0.045715
11.940311	0.045425
11.950312	0.045136
11.960312	0.044849
11.970312	0.044563
11.980312	0.044279
11.990313	0.043996
12.000313	0.043715
12.010313	0.043435
12.020313	0.043157
12.030313	0.042880
12.040314	0.042605
12.050314	0.042331
12.060314	0.042059
12.070314	0.041788
12.080315	0.041519
12.090315	0.041251
12.100315	0.040985
12.110315	0.040720
12.120316	0.040456
12.130316	0.040194
12.140316	0.039934
12.150316	0.039675
12.160316	0.039417
12.170317	0.039160
12.180317	0.038905
12.190317	0.038652
12.200317	0.038400
12.210318	0.038149
12.220318	0.037899
12.230318	0.037651
12.240318	0.037405
12.250319	0.037159
12.260319	0.036916
12.270319	0.036673
12.280319	0.036432
12.290319	0.036192
12.300320	0.035953
12.310320	0.035716
12.320320	0.035480
12.330320	0.035246
12.340321	0.035012
12.350321	0.034780
12.360321	0.034550
12.370321	0.034320
12.380322	0.034092
12.390322	0.033866
12.400322	0.033640
12.410322	0.033416
12.420322	0.033193
12.430323	0.032971
12.440323	0.032751
12.450323	0.032532
12.460323	0.032314
12.470324	0.032097
12.480324	0.031882
12.490324	0.031668
12.500324	0.031455
12.510324	0.031243
12.520325	0.031032
12.530325	0.030823
12.540325	0.030615
12.550325	0.030408
12.560326	0.030202
12.570326	0.029998
12.580326	0.029795
12.590326	0.029592
12.600327	0.029391
12.610327	0.029192
12.620327	0.028993
12.630327	0.028795
12.640327	0.028599
12.650328	0.028404
12.660328	0.028210
12.670328	0.028017
12.680328	0.027825
12.690329	0.027635
12.700329	0.027445
12.710329	0.027257
12.720329	0.027069
12.730330	0.026883
12.740330	0.026698
12.750330	0.026514
12.760330	0.026331
12.770330	0.026149
12.780331	0.025968
12.790331	0.025789
12.800331	0.025610
12.810331	0.025433
12.820332	0.025256
12.830332	0.025081
12.840332	0.024906
12.850332	0.024733
12.860332	0.024561
12.870333	0.024390
12.880333	0.024219
12.890333	0.024050
12.900333	0.023882
12.910334	0.023715
12.920334	0.023549
12.930334	0.023384
12.940334	0.023219
12.950335	0.023056
12.960335	0.022894
12.970335	0.022733
12.980335	0.022573
12.990335	0.022414
13.000336	0.022255
13.010336	0.022098
13.020336	0.021942
13.030336	0.021786
13.040337	0.021632
13.050337	0.021479
13.060337	0.021326
13.070337	0.021175
13.080338	0.021024
13.090338	0.020874
13.100338	0.020726
13.110338	0.020578
13.120338	0.020431
13.130339	0.020285
13.140339	0.020140
13.150339	0.019995
13.160339	0.019852
13.170340	0.019710
13.180340	0.019568
13.190340	0.019428
13.200340	0.019288
13.210340	0.019149
13.220341	0.019011
13.230341	0.018874
13.240341	0.018737
13.250341	0.018602
13.260342	0.018467
13.270342	0.018334
13.280342	0.018201
13.290342	0.018069
13.300343	0.017938
13.310343	0.017807
13.320343	0.017678
13.330343	0.017549
13.340343	0.017421
13.350344	0.017294
13.360344	0.017168
13.370344	0.017042
13.380344	0.016918
13.390345	0.016794
13.400345	0.016671
13.410345	0.016548
13.420345	0.016427
13.430346	0.016306
13.440346	0.016186
13.450346	0.016067
13.460346	0.015949
13.470346	0.015831
13.480347	0.015714
13.490347	0.015598
13.500347	0.015483
13.510347	0.015368
13.520348	0.015254
13.530348	0.015141
13.540348	0.015029
13.550348	0.014917
13.560349	0.014806
13.570349	0.014696
13.580349	0.014587
13.590349	0.014478
13.600349	0.014370
13.610350	0.014263
13.620350	0.014156
13.630350	0.014050
13.640350	0.013945
13.650351	0.013840
13.660351	0.013736
13.670351	0.013633
13.680351	0.013531
13.690351	0.013429
13.700352	0.013328
13.710352	0.013227
13.720352	0.013128
13.730352	0.013028
13.740353	0.012930
13.750353	0.012832
13.760353	0.012735
13.770353	0.012639
13.780354	0.012543
13.790354	0.012448
13.800354	0.012353
13.810354	0.012259
13.820354	0.012166
13.830355	0.012073
13.840355	0.011981
13.850355	0.011890
13.860355	0.011799
13.870356	0.011709
13.880356	0.011619
13.890356	0.011530
13.900356	0.011442
13.910357	0.011354
13.920357	0.011267
13.930357	0.011180
13.940357	0.011094
13.950357	0.011009
13.960358	0.010924
13.970358	0.010840
13.980358	0.010756
13.990358	0.010673


