1 	 18106.355127 	 0.199377 	 3637.337075
2 	 620.019682 	 0.371940 	 3644.555117
3 	 259.517897 	 0.351280 	 3659.584813
4 	 148.908031 	 0.365563 	 3651.351531
5 	 101.329839 	 0.351313 	 3663.397876
6 	 70.861661 	 0.366592 	 3655.918352
7 	 53.806976 	 0.352367 	 3664.330089
8 	 40.296372 	 0.367776 	 3658.754843
9 	 32.059010 	 0.353509 	 3664.534895
10 	 24.834639 	 0.369053 	 3660.554466
11 	 20.279656 	 0.354694 	 3664.535441
12 	 16.038309 	 0.370314 	 3661.718039
13 	 13.323101 	 0.355819 	 3664.480864
14 	 10.688372 	 0.371471 	 3662.483174
15 	 8.988987 	 0.356831 	 3664.418371
16 	 7.287985 	 0.372497 	 3662.992629
17 	 6.186780 	 0.357719 	 3664.360790
18 	 5.057138 	 0.373401 	 3663.339187
19 	 4.324762 	 0.358473 	 3664.313032
20 	 3.557981 	 0.374187 	 3663.576668
21 	 3.060775 	 0.359156 	 3664.276736
22 	 2.531482 	 0.374876 	 3663.740438
23 	 2.188550 	 0.359759 	 3664.246989
24 	 1.818209 	 0.375430 	 3663.855892
25 	 1.578303 	 0.360319 	 3664.223929
26 	 1.316324 	 0.375865 	 3663.936954
27 	 1.146424 	 0.360791 	 3664.205780
28 	 0.959236 	 0.376308 	 3663.994814
29 	 0.837851 	 0.361212 	 3664.193499
30 	 0.703053 	 0.376740 	 3664.035207
31 	 0.615737 	 0.361644 	 3664.182446
32 	 0.517953 	 0.377073 	 3664.065911
33 	 0.454702 	 0.361923 	 3664.174395
34 	 0.383297 	 0.377261 	 3664.087335
35 	 0.337130 	 0.362161 	 3664.167982
36 	 0.284809 	 0.377554 	 3664.102209
37 	 0.250810 	 0.362586 	 3664.164161
38 	 0.212245 	 0.378054 	 3664.115446
39 	 0.187283 	 0.362440 	 3664.159795
40 	 0.158614 	 0.379564 	 3664.123087
41 	 0.140406 	 0.361436 	 3664.156110
42 	 0.118570 	 0.380050 	 3664.129092
43 	 0.105347 	 0.361972 	 3664.154063
44 	 0.089196 	 0.379083 	 3664.134277
45 	 0.079197 	 0.363256 	 3664.152972
46 	 0.067488 	 0.379131 	 3664.137825
47 	 0.059920 	 0.360876 	 3664.151744
48 	 0.050760 	 0.382435 	 3664.140418
49 	 0.045371 	 0.360082 	 3664.151334
50 	 0.038358 	 0.382206 	 3664.143147
51 	 0.034606 	 0.358567 	 3664.150243
52 	 0.029147 	 0.383230 	 3664.143829
53 	 0.026374 	 0.357456 	 3664.148878
54 	 0.022057 	 0.384745 	 3664.144921
55 	 0.020042 	 0.357407 	 3664.149151
56 	 0.017046 	 0.378431 	 3664.145330
57 	 0.015322 	 0.354851 	 3664.148742
58 	 0.012850 	 0.390167 	 3664.146012
59 	 0.011646 	 0.359476 	 3664.148605
60 	 0.009995 	 0.380608 	 3664.146012
61 	 0.008999 	 0.351627 	 3664.148059
62 	 0.007389 	 0.403673 	 3664.146422
63 	 0.006844 	 0.367328 	 3664.148332
64 	 0.005765 	 0.388066 	 3664.146558
65 	 0.005291 	 0.365221 	 3664.148059
66 	 0.004532 	 0.413752 	 3664.147240
67 	 0.004352 	 0.329651 	 3664.148196
68 	 0.003453 	 0.420553 	 3664.147240
69 	 0.003318 	 0.357168 	 3664.147650
70 	 0.002774 	 0.415053 	 3664.146831
71 	 0.002729 	 0.357722 	 3664.147786
72 	 0.002234 	 0.414716 	 3664.147513
73 	 0.002381 	 0.346508 	 3664.147786
74 	 0.001913 	 0.385481 	 3664.147786
75 	 0.001978 	 0.367197 	 3664.147923
76 	 0.001643 	 0.420030 	 3664.147513
77 	 0.001697 	 0.374201 	 3664.147377
78 	 0.001420 	 0.423729 	 3664.147513
79 	 0.001572 	 0.345754 	 3664.147377
80 	 0.001382 	 0.385375 	 3664.147240
81 	 0.001471 	 0.345657 	 3664.147240
82 	 0.001242 	 0.415042 	 3664.147240
83 	 0.001355 	 0.362282 	 3664.147513
84 	 0.001220 	 0.451989 	 3664.147513
85 	 0.001401 	 0.333773 	 3664.147650
86 	 0.001092 	 0.471321 	 3664.147650
87 	 0.001316 	 0.378768 	 3664.147513
88 	 0.001271 	 0.378181 	 3664.147513
89 	 0.001344 	 0.371339 	 3664.147377
90 	 0.001012 	 0.578136 	 3664.147513
91 	 0.001233 	 0.383685 	 3664.147513
92 	 0.001273 	 0.390797 	 3664.147240
93 	 0.001296 	 0.347230 	 3664.147377
94 	 0.001019 	 0.536301 	 3664.147377
95 	 0.001191 	 0.385965 	 3664.147650
96 	 0.001272 	 0.374284 	 3664.147513
97 	 0.000930 	 0.585729 	 3664.147650
98 	 0.001135 	 0.395793 	 3664.147377
99 	 0.001194 	 0.366181 	 3664.147650
100 	 0.000978 	 0.512284 	 3664.147513
101 	 0.001209 	 0.377050 	 3664.147650
102 	 0.001275 	 0.372213 	 3664.147650
103 	 0.001056 	 0.465849 	 3664.147650
104 	 0.001319 	 0.334431 	 3664.147650
105 	 0.001118 	 0.485882 	 3664.147650
106 	 0.001305 	 0.343152 	 3664.147513
107 	 0.001074 	 0.436809 	 3664.147513
108 	 0.001234 	 0.367218 	 3664.147513
109 	 0.001007 	 0.498028 	 3664.147513
110 	 0.001242 	 0.363839 	 3664.147513
111 	 0.001034 	 0.513284 	 3664.147650
112 	 0.001255 	 0.367886 	 3664.147650
113 	 0.001085 	 0.439841 	 3664.147513
114 	 0.001303 	 0.331396 	 3664.147650
115 	 0.001066 	 0.435448 	 3664.147377
116 	 0.001138 	 0.395553 	 3664.147240
117 	 0.001245 	 0.371653 	 3664.147240
118 	 0.001064 	 0.544928 	 3664.147513
119 	 0.001219 	 0.393233 	 3664.147240
120 	 0.001257 	 0.371224 	 3664.147240
121 	 0.000951 	 0.491174 	 3664.147240
122 	 0.001187 	 0.387393 	 3664.147240
123 	 0.001225 	 0.360949 	 3664.147513
124 	 0.001098 	 0.445260 	 3664.147513
125 	 0.001240 	 0.355319 	 3664.147513
126 	 0.001045 	 0.498479 	 3664.147650
127 	 0.001259 	 0.366100 	 3664.147650
128 	 0.001055 	 0.458646 	 3664.147650
129 	 0.001250 	 0.363546 	 3664.147513
130 	 0.001135 	 0.444682 	 3664.148059
131 	 0.001336 	 0.324229 	 3664.148059
132 	 0.001031 	 0.438052 	 3664.147923
133 	 0.001258 	 0.358678 	 3664.147923
134 	 0.001052 	 0.421410 	 3664.147786
135 	 0.001162 	 0.388700 	 3664.147786
136 	 0.001189 	 0.379558 	 3664.147786
137 	 0.001243 	 0.339648 	 3664.147786
138 	 0.001037 	 0.485858 	 3664.147786
139 	 0.001261 	 0.354803 	 3664.147786
140 	 0.001082 	 0.405757 	 3664.147786
141 	 0.001190 	 0.435514 	 3664.147923
142 	 0.001262 	 0.359688 	 3664.147786
143 	 0.001141 	 0.431450 	 3664.147786
144 	 0.001288 	 0.400396 	 3664.147786
145 	 0.001328 	 0.361143 	 3664.147786
146 	 0.001097 	 0.447095 	 3664.147786
147 	 0.001287 	 0.366734 	 3664.147786
148 	 0.001081 	 0.427120 	 3664.147786
149 	 0.001204 	 0.387091 	 3664.147786
150 	 0.001231 	 0.390413 	 3664.147786
151 	 0.001296 	 0.362303 	 3664.147923
152 	 0.001090 	 0.470239 	 3664.147923
153 	 0.001353 	 0.347240 	 3664.147923
154 	 0.001036 	 0.447422 	 3664.147923
155 	 0.001380 	 0.344263 	 3664.147786
156 	 0.001111 	 0.429248 	 3664.147786
157 	 0.001292 	 0.383671 	 3664.147786
158 	 0.001374 	 0.349262 	 3664.147786
159 	 0.001082 	 0.462699 	 3664.147650
160 	 0.001402 	 0.340289 	 3664.147786
161 	 0.001212 	 0.455907 	 3664.147650
162 	 0.001439 	 0.358139 	 3664.147923
163 	 0.001185 	 0.397774 	 3664.148059
164 	 0.001311 	 0.373920 	 3664.148196
165 	 0.001088 	 0.485368 	 3664.148196
166 	 0.001418 	 0.335882 	 3664.148059
167 	 0.001191 	 0.403890 	 3664.148196
168 	 0.001346 	 0.359137 	 3664.147786
169 	 0.001206 	 0.416935 	 3664.147923
170 	 0.001319 	 0.346246 	 3664.147923
171 	 0.001182 	 0.452754 	 3664.148059
172 	 0.001396 	 0.339744 	 3664.147923
173 	 0.001171 	 0.437196 	 3664.147923
174 	 0.001313 	 0.369623 	 3664.147923
175 	 0.001075 	 0.542469 	 3664.148059
176 	 0.001302 	 0.381002 	 3664.147923
177 	 0.001362 	 0.333893 	 3664.147923
178 	 0.001154 	 0.437216 	 3664.148059
179 	 0.001318 	 0.393329 	 3664.147513
180 	 0.001326 	 0.374564 	 3664.148059
181 	 0.001020 	 0.609402 	 3664.147923
182 	 0.001340 	 0.378338 	 3664.147923
183 	 0.001503 	 0.345830 	 3664.148059
184 	 0.001199 	 0.412579 	 3664.147923
185 	 0.001332 	 0.390917 	 3664.147923
186 	 0.001422 	 0.346913 	 3664.148196
187 	 0.001180 	 0.457984 	 3664.147923
188 	 0.001413 	 0.330524 	 3664.148059
189 	 0.001175 	 0.442254 	 3664.147786
190 	 0.001446 	 0.352290 	 3664.147786
191 	 0.001242 	 0.424869 	 3664.147650
192 	 0.001320 	 0.381849 	 3664.147923
193 	 0.001413 	 0.336236 	 3664.147650
194 	 0.001117 	 0.497459 	 3664.147923
195 	 0.001305 	 0.348443 	 3664.147513
196 	 0.001129 	 0.479763 	 3664.147786
197 	 0.001285 	 0.388943 	 3664.147513
198 	 0.001313 	 0.376957 	 3664.147786
199 	 0.001341 	 0.367731 	 3664.147650
200 	 0.001081 	 0.512012 	 3664.147923
201 	 0.001329 	 0.360883 	 3664.147650
202 	 0.001073 	 0.485171 	 3664.147786
203 	 0.001395 	 0.341418 	 3664.147786
204 	 0.001187 	 0.447069 	 3664.147786
205 	 0.001394 	 0.341321 	 3664.147786
206 	 0.001185 	 0.455694 	 3664.148059
207 	 0.001471 	 0.340415 	 3664.147923
208 	 0.001221 	 0.417452 	 3664.147786
209 	 0.001356 	 0.361745 	 3664.147786
210 	 0.001135 	 0.449272 	 3664.147786
211 	 0.001350 	 0.334490 	 3664.147650
212 	 0.001122 	 0.461662 	 3664.147786
213 	 0.001395 	 0.353192 	 3664.147650
214 	 0.001127 	 0.450050 	 3664.147786
215 	 0.001336 	 0.360647 	 3664.147650
216 	 0.001143 	 0.473153 	 3664.147786
217 	 0.001352 	 0.369813 	 3664.147923
218 	 0.001169 	 0.479828 	 3664.147786
219 	 0.001338 	 0.356335 	 3664.147513
220 	 0.001127 	 0.456471 	 3664.147650
221 	 0.001332 	 0.343362 	 3664.147513
222 	 0.001068 	 0.413076 	 3664.147513
223 	 0.001170 	 0.378295 	 3664.147377
224 	 0.001228 	 0.369540 	 3664.147513
225 	 0.000978 	 0.521286 	 3664.147240
226 	 0.001202 	 0.417723 	 3664.147513
227 	 0.001216 	 0.385020 	 3664.147513
228 	 0.001312 	 0.356140 	 3664.147650
229 	 0.001113 	 0.482520 	 3664.147650
230 	 0.001347 	 0.374960 	 3664.147786
231 	 0.001080 	 0.466547 	 3664.147650
232 	 0.001245 	 0.369994 	 3664.147786
233 	 0.001116 	 0.466565 	 3664.147786
234 	 0.001346 	 0.360021 	 3664.147923
235 	 0.001171 	 0.381756 	 3664.147650
236 	 0.001194 	 0.405721 	 3664.147513
237 	 0.001216 	 0.386387 	 3664.147513
238 	 0.001214 	 0.375444 	 3664.147650
239 	 0.001337 	 0.365871 	 3664.147513
240 	 0.001049 	 0.552857 	 3664.147923
241 	 0.001257 	 0.400264 	 3664.147786
242 	 0.001279 	 0.367688 	 3664.147923
243 	 0.000967 	 0.521662 	 3664.147923
244 	 0.001200 	 0.407479 	 3664.147786
245 	 0.001298 	 0.337777 	 3664.147650
246 	 0.000985 	 0.498433 	 3664.147513
247 	 0.001160 	 0.390841 	 3664.147786
248 	 0.001256 	 0.345710 	 3664.147786
249 	 0.001028 	 0.465560 	 3664.148059
250 	 0.001294 	 0.345654 	 3664.148059
251 	 0.001094 	 0.419370 	 3664.147786
252 	 0.001281 	 0.379116 	 3664.147923
253 	 0.001294 	 0.327057 	 3664.148059
254 	 0.001086 	 0.501770 	 3664.148059
255 	 0.001343 	 0.366302 	 3664.147786
256 	 0.001102 	 0.430132 	 3664.147650
257 	 0.001236 	 0.350386 	 3664.147786
258 	 0.001095 	 0.435943 	 3664.147513
259 	 0.001239 	 0.377182 	 3664.147786
260 	 0.001353 	 0.356637 	 3664.147513
261 	 0.001097 	 0.424809 	 3664.147513
262 	 0.001253 	 0.378029 	 3664.147786
263 	 0.001382 	 0.323828 	 3664.147513
264 	 0.001022 	 0.461786 	 3664.147786
265 	 0.001254 	 0.363658 	 3664.147786
266 	 0.001010 	 0.479794 	 3664.147786
267 	 0.001248 	 0.355227 	 3664.147786
268 	 0.001045 	 0.458399 	 3664.148059
269 	 0.001369 	 0.341474 	 3664.148059
270 	 0.001142 	 0.447643 	 3664.147786
271 	 0.001361 	 0.342334 	 3664.148059
272 	 0.001087 	 0.466677 	 3664.147786
273 	 0.001356 	 0.338186 	 3664.147923
274 	 0.001074 	 0.425413 	 3664.147786
275 	 0.001179 	 0.419443 	 3664.147923
276 	 0.001173 	 0.369685 	 3664.147786
277 	 0.000951 	 0.544212 	 3664.147786
278 	 0.001264 	 0.390388 	 3664.147786
279 	 0.001299 	 0.352922 	 3664.147786
280 	 0.001058 	 0.502784 	 3664.147513
281 	 0.001297 	 0.367695 	 3664.147786
282 	 0.001076 	 0.478890 	 3664.147786
283 	 0.001325 	 0.342822 	 3664.148059
284 	 0.001041 	 0.494591 	 3664.147786
285 	 0.001238 	 0.376610 	 3664.147650
286 	 0.001366 	 0.371353 	 3664.147513
287 	 0.001128 	 0.470080 	 3664.147650
288 	 0.001385 	 0.355775 	 3664.147513
289 	 0.001094 	 0.459205 	 3664.147650
290 	 0.001343 	 0.341347 	 3664.147650
291 	 0.001044 	 0.481945 	 3664.147786
292 	 0.001317 	 0.366580 	 3664.147650
293 	 0.001116 	 0.467896 	 3664.147513
294 	 0.001373 	 0.334915 	 3664.147513
295 	 0.001194 	 0.455617 	 3664.147513
296 	 0.001416 	 0.341660 	 3664.147377
297 	 0.001081 	 0.451345 	 3664.147650
298 	 0.001345 	 0.345160 	 3664.147650
299 	 0.001062 	 0.454875 	 3664.147923
300 	 0.001286 	 0.377858 	 3664.147650
301 	 0.001325 	 0.342515 	 3664.147923
302 	 0.001043 	 0.436120 	 3664.147650
303 	 0.001260 	 0.372853 	 3664.147650
304 	 0.001104 	 0.415609 	 3664.147513
305 	 0.001311 	 0.343055 	 3664.147786
306 	 0.000993 	 0.388864 	 3664.147650
307 	 0.001160 	 0.356820 	 3664.147650
308 	 0.001001 	 0.441999 	 3664.147650
309 	 0.001239 	 0.321663 	 3664.147650
310 	 0.000929 	 0.490353 	 3664.147650
311 	 0.001216 	 0.363481 	 3664.147650
312 	 0.001053 	 0.414521 	 3664.147786
313 	 0.001224 	 0.334856 	 3664.147650
314 	 0.000992 	 0.473592 	 3664.147513
315 	 0.001280 	 0.336073 	 3664.147786
316 	 0.001045 	 0.408898 	 3664.147513
317 	 0.001157 	 0.405245 	 3664.147786
318 	 0.001088 	 0.416150 	 3664.147513
319 	 0.001120 	 0.403677 	 3664.147786
320 	 0.001262 	 0.364982 	 3664.147786
321 	 0.001006 	 0.476986 	 3664.147786
322 	 0.001303 	 0.367677 	 3664.147786
323 	 0.001002 	 0.480217 	 3664.147786
324 	 0.001204 	 0.344302 	 3664.147923
325 	 0.000961 	 0.550900 	 3664.147650
326 	 0.001126 	 0.430160 	 3664.147786
327 	 0.001206 	 0.371762 	 3664.147650
328 	 0.001007 	 0.515619 	 3664.147786
329 	 0.001329 	 0.379393 	 3664.147923
330 	 0.001429 	 0.327002 	 3664.147650
331 	 0.001172 	 0.428794 	 3664.147923
332 	 0.001306 	 0.365808 	 3664.147786
333 	 0.001091 	 0.509251 	 3664.148059
334 	 0.001225 	 0.419996 	 3664.147650
335 	 0.001170 	 0.388596 	 3664.148059
336 	 0.001254 	 0.367557 	 3664.147923
337 	 0.001039 	 0.567142 	 3664.147923
338 	 0.001327 	 0.373229 	 3664.147786
339 	 0.001041 	 0.493608 	 3664.147923
340 	 0.001199 	 0.362838 	 3664.148059
341 	 0.001013 	 0.461109 	 3664.147923
342 	 0.001196 	 0.346362 	 3664.147923
343 	 0.000924 	 0.560305 	 3664.147786
344 	 0.001078 	 0.435329 	 3664.147786
345 	 0.001164 	 0.399313 	 3664.147786
346 	 0.001253 	 0.359448 	 3664.147923
347 	 0.001024 	 0.511690 	 3664.147786
348 	 0.001188 	 0.394549 	 3664.147650
349 	 0.001276 	 0.374346 	 3664.147786
350 	 0.001084 	 0.480909 	 3664.147650
351 	 0.001300 	 0.351471 	 3664.147786
352 	 0.001054 	 0.479584 	 3664.147786
353 	 0.001276 	 0.353765 	 3664.147650
354 	 0.001047 	 0.462076 	 3664.147650
355 	 0.001298 	 0.370612 	 3664.147650
356 	 0.001174 	 0.401525 	 3664.147650
357 	 0.001324 	 0.346397 	 3664.147650
358 	 0.001113 	 0.480476 	 3664.147513
359 	 0.001236 	 0.371906 	 3664.147513
360 	 0.001012 	 0.447727 	 3664.147513
361 	 0.001244 	 0.350926 	 3664.147786
362 	 0.001046 	 0.385213 	 3664.147513
363 	 0.001128 	 0.413190 	 3664.147513
364 	 0.001232 	 0.373631 	 3664.147513
365 	 0.001004 	 0.436313 	 3664.147377
366 	 0.001106 	 0.403275 	 3664.147513
367 	 0.001172 	 0.379196 	 3664.147377
368 	 0.001212 	 0.377840 	 3664.147377
369 	 0.001344 	 0.349377 	 3664.147513
370 	 0.001009 	 0.493631 	 3664.147513
371 	 0.001217 	 0.357611 	 3664.147513
372 	 0.001019 	 0.478517 	 3664.147513
373 	 0.001232 	 0.368452 	 3664.147513
374 	 0.001082 	 0.511024 	 3664.147650
375 	 0.001242 	 0.360413 	 3664.147650
376 	 0.001069 	 0.456830 	 3664.147513
377 	 0.001284 	 0.336944 	 3664.147513
378 	 0.001033 	 0.449272 	 3664.147377
379 	 0.001196 	 0.368590 	 3664.147377
380 	 0.001012 	 0.450286 	 3664.147513
381 	 0.001251 	 0.374553 	 3664.147240
382 	 0.001156 	 0.444127 	 3664.147240
383 	 0.001318 	 0.360466 	 3664.147240
384 	 0.001155 	 0.407210 	 3664.147240
385 	 0.001256 	 0.373186 	 3664.147240
386 	 0.001093 	 0.397623 	 3664.147240
387 	 0.001211 	 0.357802 	 3664.147240
388 	 0.001070 	 0.455388 	 3664.147513
389 	 0.001246 	 0.356669 	 3664.147377
390 	 0.001161 	 0.446626 	 3664.147377
391 	 0.001393 	 0.326176 	 3664.147513
392 	 0.001132 	 0.408985 	 3664.147513
393 	 0.001263 	 0.361220 	 3664.147513
394 	 0.001127 	 0.455464 	 3664.147513
395 	 0.001355 	 0.328260 	 3664.147513
396 	 0.001102 	 0.417371 	 3664.147513
397 	 0.001193 	 0.378880 	 3664.147377
398 	 0.001297 	 0.335285 	 3664.147377
399 	 0.001097 	 0.456126 	 3664.147377
400 	 0.001343 	 0.341624 	 3664.147377
401 	 0.001036 	 0.462517 	 3664.147650
402 	 0.001308 	 0.350505 	 3664.147513
403 	 0.001079 	 0.432553 	 3664.147786
404 	 0.001251 	 0.406333 	 3664.147377
405 	 0.001317 	 0.357021 	 3664.147377
406 	 0.001084 	 0.447441 	 3664.147513
407 	 0.001364 	 0.334358 	 3664.147650
408 	 0.001055 	 0.428372 	 3664.147377
409 	 0.001188 	 0.384642 	 3664.147377
410 	 0.001246 	 0.374047 	 3664.147377
411 	 0.000995 	 0.536014 	 3664.147240
412 	 0.001192 	 0.392573 	 3664.147377
413 	 0.001295 	 0.347553 	 3664.147650
414 	 0.001039 	 0.493776 	 3664.147786
415 	 0.001246 	 0.348861 	 3664.147650
416 	 0.000974 	 0.525097 	 3664.147513
417 	 0.001149 	 0.390443 	 3664.147377
418 	 0.001246 	 0.347827 	 3664.147650
419 	 0.000944 	 0.538582 	 3664.147650
420 	 0.001135 	 0.398988 	 3664.147650
421 	 0.001188 	 0.359053 	 3664.147786
422 	 0.000979 	 0.558975 	 3664.147650
423 	 0.001162 	 0.378052 	 3664.147650
424 	 0.001244 	 0.363752 	 3664.147650
425 	 0.001017 	 0.490669 	 3664.147786
426 	 0.001263 	 0.351767 	 3664.147650
427 	 0.001003 	 0.435310 	 3664.147650
428 	 0.001198 	 0.442510 	 3664.147786
429 	 0.001353 	 0.334447 	 3664.147650
430 	 0.001082 	 0.470020 	 3664.147786
431 	 0.001355 	 0.332158 	 3664.147650
432 	 0.001091 	 0.426888 	 3664.147786
433 	 0.001194 	 0.411320 	 3664.147650
434 	 0.001254 	 0.354606 	 3664.147513
435 	 0.000989 	 0.520802 	 3664.147513
436 	 0.001217 	 0.372005 	 3664.147513
437 	 0.001050 	 0.447497 	 3664.147240
438 	 0.001273 	 0.365557 	 3664.147377
439 	 0.001104 	 0.428677 	 3664.147650
440 	 0.001134 	 0.412673 	 3664.147650
441 	 0.001170 	 0.383133 	 3664.147786
442 	 0.001177 	 0.372710 	 3664.147513
443 	 0.000977 	 0.478463 	 3664.147650
444 	 0.001247 	 0.365340 	 3664.147650
445 	 0.001037 	 0.438067 	 3664.147650
446 	 0.001256 	 0.359873 	 3664.147513
447 	 0.001056 	 0.423370 	 3664.147513
448 	 0.001181 	 0.405627 	 3664.147513
449 	 0.001209 	 0.367839 	 3664.147650
450 	 0.001043 	 0.488636 	 3664.147650
451 	 0.001264 	 0.365961 	 3664.147650
452 	 0.001056 	 0.484244 	 3664.147923
453 	 0.001284 	 0.367017 	 3664.147923
454 	 0.001091 	 0.406402 	 3664.147786
455 	 0.001215 	 0.382601 	 3664.147650
456 	 0.001211 	 0.369287 	 3664.147650
457 	 0.001041 	 0.474305 	 3664.147513
458 	 0.001281 	 0.345379 	 3664.147513
459 	 0.001072 	 0.456486 	 3664.147513
460 	 0.001192 	 0.354806 	 3664.147650
461 	 0.001031 	 0.505083 	 3664.147513
462 	 0.001219 	 0.352062 	 3664.147650
463 	 0.001036 	 0.509313 	 3664.147513
464 	 0.001229 	 0.401627 	 3664.147513
465 	 0.001282 	 0.405026 	 3664.147650
466 	 0.001309 	 0.388516 	 3664.147513
467 	 0.001300 	 0.383957 	 3664.147650
468 	 0.001407 	 0.340368 	 3664.147513
469 	 0.001087 	 0.396799 	 3664.147377
470 	 0.001304 	 0.390405 	 3664.147377
471 	 0.001298 	 0.345197 	 3664.147377
472 	 0.001064 	 0.506393 	 3664.147240
473 	 0.001264 	 0.359097 	 3664.147240
474 	 0.001024 	 0.464202 	 3664.147377
475 	 0.001277 	 0.365898 	 3664.147377
476 	 0.001028 	 0.507777 	 3664.147513
477 	 0.001257 	 0.373597 	 3664.147513
478 	 0.001033 	 0.481172 	 3664.147513
479 	 0.001330 	 0.331334 	 3664.147513
480 	 0.001021 	 0.473671 	 3664.147513
481 	 0.001270 	 0.372205 	 3664.147650
482 	 0.001005 	 0.505337 	 3664.147650
483 	 0.001246 	 0.385065 	 3664.147650
484 	 0.001328 	 0.344452 	 3664.147650
485 	 0.001057 	 0.464169 	 3664.147650
486 	 0.001261 	 0.364833 	 3664.147650
487 	 0.001075 	 0.504788 	 3664.147786
488 	 0.001306 	 0.349512 	 3664.147650
489 	 0.001099 	 0.438320 	 3664.147513
490 	 0.001268 	 0.337036 	 3664.147377
491 	 0.001001 	 0.494106 	 3664.147513
492 	 0.001221 	 0.354537 	 3664.147377
493 	 0.001058 	 0.483335 	 3664.147923
494 	 0.001287 	 0.382559 	 3664.147650
495 	 0.001253 	 0.370069 	 3664.147650
496 	 0.001061 	 0.430401 	 3664.147786
497 	 0.001199 	 0.375189 	 3664.147650
498 	 0.001219 	 0.362771 	 3664.147650
499 	 0.001005 	 0.434462 	 3664.147786
500 	 0.001140 	 0.414011 	 3664.147786
